monday,tuesday,wednesday,thursday,friday,saturday,sunday,start_date,end_date,service_id
0,0,0,0,0,0,1,20250622,20250629,34
0,0,0,0,0,0,1,20250622,20250629,597
0,0,0,0,0,0,1,20250622,20250629,604
0,0,0,0,0,0,1,20250622,20250629,769
0,0,0,0,0,0,1,20250622,20250629,822
0,0,0,0,0,0,1,20250622,20250629,857
0,0,0,0,0,0,1,20250622,20250629,915
0,0,0,0,0,0,1,20250622,20250630,107
0,0,0,0,0,0,1,20250622,20250706,588
0,0,0,0,0,0,1,20250622,20250713,400
0,0,0,0,0,0,1,20250622,20250713,637
0,0,0,0,0,0,1,20250622,20250713,721
0,0,0,0,0,0,1,20250622,20250720,134
0,0,0,0,0,0,1,20250622,20250720,161
0,0,0,0,0,0,1,20250622,20250720,438
0,0,0,0,0,0,1,20250622,20250720,591
0,0,0,0,0,0,1,20250622,20250720,615
0,0,0,0,0,0,1,20250622,20250720,663
0,0,0,0,0,0,1,20250622,20250720,719
0,0,0,0,0,0,1,20250622,20250720,75
0,0,0,0,0,0,1,20250622,20250720,85
0,0,0,0,0,0,1,20250622,20250722,330
0,0,0,0,0,0,1,20250622,20250722,671
0,0,0,0,0,0,1,20250628,20250713,549
0,0,0,0,0,0,1,20250628,20250720,729
0,0,0,0,0,0,1,20250629,20250706,119
0,0,0,0,0,0,1,20250629,20250713,361
0,0,0,0,0,0,1,20250629,20250713,372
0,0,0,0,0,0,1,20250629,20250713,60
0,0,0,0,0,0,1,20250629,20250720,720
0,0,0,0,0,0,1,20250629,20250721,152
0,0,0,0,0,0,1,20250705,20250720,476
0,0,0,0,0,0,1,20250706,20250713,725
0,0,0,0,0,0,1,20250706,20250720,310
0,0,0,0,0,0,1,20250706,20250720,353
0,0,0,0,0,0,1,20250706,20250720,771
0,0,0,0,0,0,1,20250712,20250720,419
0,0,0,0,0,0,1,20250713,20250720,475
0,0,0,0,0,0,1,20250713,20250720,791
0,0,0,0,0,1,0,20250622,20250705,79
0,0,0,0,0,1,0,20250622,20250719,623
0,0,0,0,0,1,0,20250627,20250705,44
0,0,0,0,0,1,0,20250627,20250719,231
0,0,0,0,0,1,0,20250628,20250705,815
0,0,0,0,0,1,0,20250628,20250706,761
0,0,0,0,0,1,0,20250628,20250712,241
0,0,0,0,0,1,0,20250628,20250712,450
0,0,0,0,0,1,0,20250628,20250719,391
0,0,0,0,0,1,0,20250628,20250719,46
0,0,0,0,0,1,0,20250628,20250719,483
0,0,0,0,0,1,0,20250628,20250719,868
0,0,0,0,0,1,0,20250705,20250712,212
0,0,0,0,0,1,0,20250705,20250714,441
0,0,0,0,0,1,0,20250705,20250719,174
0,0,0,0,0,1,0,20250705,20250719,449
0,0,0,0,0,1,0,20250705,20250722,318
0,0,0,0,0,1,0,20250710,20250719,153
0,0,0,0,0,1,0,20250712,20250719,296
0,0,0,0,0,1,0,20250712,20250719,72
0,0,0,0,0,1,1,20250622,20250628,571
0,0,0,0,0,1,1,20250622,20250628,633
0,0,0,0,0,1,1,20250622,20250629,389
0,0,0,0,0,1,1,20250622,20250705,905
0,0,0,0,0,1,1,20250622,20250706,322
0,0,0,0,0,1,1,20250622,20250713,370
0,0,0,0,0,1,1,20250622,20250719,859
0,0,0,0,0,1,1,20250622,20250720,146
0,0,0,0,0,1,1,20250622,20250720,184
0,0,0,0,0,1,1,20250622,20250720,409
0,0,0,0,0,1,1,20250622,20250720,566
0,0,0,0,0,1,1,20250622,20250720,664
0,0,0,0,0,1,1,20250622,20250720,715
0,0,0,0,0,1,1,20250622,20250720,722
0,0,0,0,0,1,1,20250622,20250720,907
0,0,0,0,0,1,1,20250622,20250720,921
0,0,0,0,0,1,1,20250627,20250706,583
0,0,0,0,0,1,1,20250627,20250709,488
0,0,0,0,0,1,1,20250628,20250629,589
0,0,0,0,0,1,1,20250628,20250705,757
0,0,0,0,0,1,1,20250628,20250706,471
0,0,0,0,0,1,1,20250628,20250712,435
0,0,0,0,0,1,1,20250628,20250713,470
0,0,0,0,0,1,1,20250628,20250713,700
0,0,0,0,0,1,1,20250628,20250719,718
0,0,0,0,0,1,1,20250628,20250720,13
0,0,0,0,0,1,1,20250628,20250720,17
0,0,0,0,0,1,1,20250628,20250720,244
0,0,0,0,0,1,1,20250628,20250720,550
0,0,0,0,0,1,1,20250629,20250720,514
0,0,0,0,0,1,1,20250705,20250706,776
0,0,0,0,0,1,1,20250705,20250712,468
0,0,0,0,0,1,1,20250705,20250713,626
0,0,0,0,0,1,1,20250705,20250720,699
0,0,0,0,0,1,1,20250706,20250712,398
0,0,0,0,0,1,1,20250706,20250720,379
0,0,0,0,0,1,1,20250706,20250720,388
0,0,0,0,0,1,1,20250711,20250720,297
0,0,0,0,0,1,1,20250712,20250713,742
0,0,0,0,0,1,1,20250712,20250719,530
0,0,0,0,0,1,1,20250712,20250720,289
0,0,0,0,0,1,1,20250712,20250720,852
0,0,0,0,0,1,1,20250713,20250720,581
0,0,0,0,0,1,1,20250713,20250720,63
0,0,0,0,0,1,1,20250719,20250720,829
0,0,0,0,1,0,0,20250622,20250711,686
0,0,0,0,1,0,0,20250627,20250704,931
0,0,0,0,1,0,0,20250627,20250711,573
0,0,0,0,1,0,0,20250627,20250718,158
0,0,0,0,1,0,0,20250627,20250718,23
0,0,0,0,1,0,0,20250704,20250711,182
0,0,0,0,1,0,0,20250704,20250718,97
0,0,0,0,1,0,0,20250711,20250718,293
0,0,0,0,1,0,1,20250622,20250627,540
0,0,0,0,1,0,1,20250622,20250627,832
0,0,0,0,1,0,1,20250622,20250713,734
0,0,0,0,1,0,1,20250622,20250720,274
0,0,0,0,1,0,1,20250622,20250720,716
0,0,0,0,1,0,1,20250627,20250629,465
0,0,0,0,1,0,1,20250629,20250704,474
0,0,0,0,1,0,1,20250629,20250720,249
0,0,0,0,1,0,1,20250704,20250706,425
0,0,0,0,1,0,1,20250704,20250720,638
0,0,0,0,1,0,1,20250718,20250720,712
0,0,0,0,1,1,0,20250626,20250704,228
0,0,0,0,1,1,0,20250626,20250712,321
0,0,0,0,1,1,0,20250627,20250628,208
0,0,0,0,1,1,0,20250627,20250704,260
0,0,0,0,1,1,0,20250627,20250705,705
0,0,0,0,1,1,0,20250627,20250719,665
0,0,0,0,1,1,0,20250627,20250719,918
0,0,0,0,1,1,0,20250628,20250705,577
0,0,0,0,1,1,0,20250628,20250719,354
0,0,0,0,1,1,0,20250704,20250705,847
0,0,0,0,1,1,0,20250704,20250711,411
0,0,0,0,1,1,0,20250704,20250712,265
0,0,0,0,1,1,0,20250705,20250719,569
0,0,0,0,1,1,0,20250705,20250719,580
0,0,0,0,1,1,0,20250711,20250712,272
0,0,0,0,1,1,0,20250711,20250719,73
0,0,0,0,1,1,0,20250711,20250719,872
0,0,0,0,1,1,0,20250718,20250719,234
0,0,0,0,1,1,1,20250622,20250628,681
0,0,0,0,1,1,1,20250622,20250704,770
0,0,0,0,1,1,1,20250627,20250629,132
0,0,0,0,1,1,1,20250628,20250704,397
0,0,0,0,1,1,1,20250628,20250705,227
0,0,0,0,1,1,1,20250628,20250706,827
0,0,0,0,1,1,1,20250628,20250720,737
0,0,0,0,1,1,1,20250704,20250706,175
0,0,0,0,1,1,1,20250704,20250720,88
0,0,0,0,1,1,1,20250711,20250713,105
0,0,0,0,1,1,1,20250711,20250720,110
0,0,0,0,1,1,1,20250713,20250720,445
0,0,0,1,0,0,0,20250622,20250703,235
0,0,0,1,0,0,0,20250626,20250717,531
0,0,0,1,0,0,0,20250703,20250717,496
0,0,0,1,0,0,1,20250622,20250703,380
0,0,0,1,0,0,1,20250626,20250629,100
0,0,0,1,0,0,1,20250629,20250703,206
0,0,0,1,0,0,1,20250706,20250710,676
0,0,0,1,0,1,0,20250626,20250628,437
0,0,0,1,0,1,0,20250626,20250628,689
0,0,0,1,0,1,0,20250703,20250705,129
0,0,0,1,0,1,0,20250705,20250719,286
0,0,0,1,0,1,0,20250717,20250719,10
0,0,0,1,0,1,1,20250622,20250629,112
0,0,0,1,1,0,0,20250626,20250627,70
0,0,0,1,1,0,0,20250627,20250703,578
0,0,0,1,1,0,0,20250703,20250704,8
0,0,0,1,1,0,0,20250710,20250711,422
0,0,0,1,1,0,0,20250710,20250718,362
0,0,0,1,1,0,0,20250711,20250718,816
0,0,0,1,1,0,0,20250717,20250718,90
0,0,0,1,1,0,1,20250622,20250629,446
0,0,0,1,1,1,0,20250623,20250703,76
0,0,0,1,1,1,0,20250626,20250719,429
0,0,0,1,1,1,0,20250703,20250705,490
0,0,0,1,1,1,0,20250710,20250712,338
0,0,0,1,1,1,0,20250717,20250719,221
0,0,0,1,1,1,1,20250703,20250706,319
0,0,0,1,1,1,1,20250706,20250722,374
0,0,0,1,1,1,1,20250707,20250720,350
0,0,0,1,1,1,1,20250713,20250720,922
0,0,1,0,0,0,0,20250702,20250716,407
0,0,1,0,0,0,1,20250622,20250702,453
0,0,1,0,0,0,1,20250629,20250702,385
0,0,1,0,0,0,1,20250702,20250706,178
0,0,1,0,1,0,0,20250625,20250627,261
0,0,1,0,1,0,0,20250702,20250704,723
0,0,1,0,1,0,0,20250709,20250711,99
0,0,1,1,0,0,0,20250625,20250626,233
0,0,1,1,0,0,0,20250625,20250626,795
0,0,1,1,0,0,0,20250702,20250703,692
0,0,1,1,0,0,0,20250709,20250710,574
0,0,1,1,1,0,0,20250625,20250627,26
0,0,1,1,1,0,0,20250702,20250704,772
0,0,1,1,1,0,0,20250709,20250711,223
0,0,1,1,1,0,1,20250702,20250720,155
0,0,1,1,1,1,0,20250623,20250704,603
0,0,1,1,1,1,0,20250625,20250628,35
0,0,1,1,1,1,0,20250709,20250719,285
0,0,1,1,1,1,1,20250629,20250722,612
0,0,1,1,1,1,1,20250716,20250720,647
0,1,0,0,0,0,1,20250622,20250624,644
0,1,0,0,1,0,0,20250624,20250627,159
0,1,0,1,0,0,0,20250624,20250626,193
0,1,0,1,0,0,0,20250624,20250626,201
0,1,0,1,0,0,0,20250624,20250626,283
0,1,0,1,0,0,0,20250624,20250626,493
0,1,0,1,0,0,0,20250701,20250703,803
0,1,0,1,0,0,0,20250701,20250722,876
0,1,0,1,0,0,0,20250715,20250717,121
0,1,0,1,0,1,0,20250708,20250712,200
0,1,0,1,0,1,0,20250708,20250712,366
0,1,0,1,0,1,1,20250719,20250721,443
0,1,0,1,1,0,0,20250624,20250627,440
0,1,0,1,1,0,0,20250624,20250722,213
0,1,0,1,1,0,0,20250708,20250722,214
0,1,0,1,1,0,1,20250622,20250703,86
0,1,0,1,1,0,1,20250629,20250706,242
0,1,0,1,1,1,0,20250708,20250712,662
0,1,0,1,1,1,1,20250622,20250704,9
0,1,0,1,1,1,1,20250622,20250722,237
0,1,1,0,0,0,0,20250624,20250625,150
0,1,1,0,0,0,0,20250624,20250625,356
0,1,1,0,0,0,0,20250624,20250625,43
0,1,1,0,0,0,0,20250624,20250701,109
0,1,1,0,0,0,0,20250701,20250702,594
0,1,1,0,0,0,0,20250701,20250716,684
0,1,1,0,0,0,0,20250702,20250708,877
0,1,1,0,0,0,0,20250708,20250709,404
0,1,1,0,0,0,0,20250715,20250716,405
0,1,1,0,0,0,1,20250622,20250625,558
0,1,1,0,0,1,0,20250712,20250716,904
0,1,1,0,1,0,0,20250715,20250718,82
0,1,1,0,1,0,1,20250622,20250704,565
0,1,1,0,1,0,1,20250706,20250722,24
0,1,1,0,1,1,1,20250624,20250629,136
0,1,1,1,0,0,0,20250624,20250626,116
0,1,1,1,0,0,0,20250624,20250626,163
0,1,1,1,0,0,0,20250624,20250626,210
0,1,1,1,0,0,0,20250624,20250722,172
0,1,1,1,0,0,0,20250626,20250703,393
0,1,1,1,0,0,0,20250701,20250703,140
0,1,1,1,0,0,0,20250701,20250703,608
0,1,1,1,0,0,0,20250708,20250710,908
0,1,1,1,0,0,0,20250711,20250722,138
0,1,1,1,0,0,0,20250715,20250717,162
0,1,1,1,0,0,1,20250622,20250626,846
0,1,1,1,0,0,1,20250629,20250703,56
0,1,1,1,0,0,1,20250629,20250710,741
0,1,1,1,0,1,0,20250624,20250628,420
0,1,1,1,1,0,0,20250622,20250704,295
0,1,1,1,1,0,0,20250622,20250705,460
0,1,1,1,1,0,0,20250624,20250627,145
0,1,1,1,1,0,0,20250624,20250627,917
0,1,1,1,1,0,0,20250624,20250703,788
0,1,1,1,1,0,0,20250624,20250722,673
0,1,1,1,1,0,0,20250624,20250722,893
0,1,1,1,1,0,0,20250627,20250711,851
0,1,1,1,1,0,0,20250701,20250704,897
0,1,1,1,1,0,0,20250701,20250722,732
0,1,1,1,1,0,0,20250708,20250711,687
0,1,1,1,1,0,0,20250708,20250722,360
0,1,1,1,1,0,0,20250709,20250722,536
0,1,1,1,1,0,0,20250715,20250722,368
0,1,1,1,1,0,1,20250622,20250627,618
0,1,1,1,1,0,1,20250622,20250704,386
0,1,1,1,1,0,1,20250622,20250705,938
0,1,1,1,1,0,1,20250625,20250722,925
0,1,1,1,1,1,0,20250624,20250628,552
0,1,1,1,1,1,0,20250624,20250722,377
0,1,1,1,1,1,0,20250628,20250705,707
0,1,1,1,1,1,0,20250701,20250705,5
0,1,1,1,1,1,0,20250715,20250719,133
0,1,1,1,1,1,0,20250719,20250722,117
0,1,1,1,1,1,1,20250622,20250704,81
0,1,1,1,1,1,1,20250622,20250704,874
0,1,1,1,1,1,1,20250622,20250705,250
0,1,1,1,1,1,1,20250624,20250629,45
0,1,1,1,1,1,1,20250627,20250711,800
0,1,1,1,1,1,1,20250628,20250706,308
0,1,1,1,1,1,1,20250701,20250711,149
0,1,1,1,1,1,1,20250712,20250722,863
0,1,1,1,1,1,1,20250715,20250722,309
1,0,0,0,0,0,0,20250623,20250630,294
1,0,0,0,0,0,0,20250623,20250702,472
1,0,0,0,0,0,0,20250623,20250714,381
1,0,0,0,0,0,0,20250623,20250721,131
1,0,0,0,0,0,0,20250623,20250721,562
1,0,0,0,0,0,0,20250630,20250707,62
1,0,0,0,0,0,0,20250630,20250714,290
1,0,0,0,0,0,0,20250707,20250714,207
1,0,0,0,0,0,0,20250707,20250721,303
1,0,0,0,0,0,0,20250714,20250721,199
1,0,0,0,0,0,0,20250714,20250721,794
1,0,0,0,0,0,1,20250622,20250623,628
1,0,0,0,0,0,1,20250622,20250721,551
1,0,0,0,0,0,1,20250628,20250630,489
1,0,0,0,0,0,1,20250629,20250630,257
1,0,0,0,0,0,1,20250630,20250706,895
1,0,0,0,0,0,1,20250706,20250707,258
1,0,0,0,0,0,1,20250713,20250714,875
1,0,0,0,0,0,1,20250720,20250721,504
1,0,0,0,0,0,1,20250720,20250721,636
1,0,0,0,0,1,0,20250623,20250628,179
1,0,0,0,0,1,0,20250623,20250628,494
1,0,0,0,0,1,0,20250623,20250721,916
1,0,0,0,0,1,0,20250707,20250721,458
1,0,0,0,0,1,1,20250628,20250630,314
1,0,0,0,0,1,1,20250707,20250713,198
1,0,0,0,0,1,1,20250712,20250714,232
1,0,0,0,1,0,0,20250623,20250702,888
1,0,0,0,1,0,0,20250627,20250711,3
1,0,0,0,1,0,0,20250630,20250704,614
1,0,0,0,1,1,0,20250627,20250630,561
1,0,0,0,1,1,0,20250718,20250721,477
1,0,0,0,1,1,1,20250622,20250721,624
1,0,0,0,1,1,1,20250628,20250704,793
1,0,0,1,0,0,0,20250623,20250626,277
1,0,0,1,0,0,0,20250623,20250626,316
1,0,0,1,0,0,0,20250623,20250626,651
1,0,0,1,0,0,0,20250714,20250717,520
1,0,0,1,0,1,0,20250623,20250628,853
1,0,0,1,1,0,1,20250629,20250720,500
1,0,0,1,1,1,1,20250630,20250710,329
1,0,0,1,1,1,1,20250630,20250711,553
1,0,1,0,0,0,0,20250623,20250625,57
1,0,1,0,0,0,0,20250623,20250702,563
1,0,1,0,0,0,0,20250630,20250702,20
1,0,1,0,0,0,0,20250630,20250709,880
1,0,1,0,0,0,0,20250630,20250721,652
1,0,1,0,0,0,0,20250707,20250709,12
1,0,1,0,0,0,0,20250714,20250716,694
1,0,1,0,0,0,1,20250706,20250713,833
1,0,1,0,0,1,0,20250628,20250705,226
1,0,1,0,1,0,0,20250630,20250710,753
1,0,1,0,1,1,1,20250628,20250706,927
1,0,1,1,0,0,0,20250622,20250630,196
1,0,1,1,0,0,0,20250623,20250626,333
1,0,1,1,0,0,0,20250623,20250626,538
1,0,1,1,0,0,0,20250630,20250703,898
1,0,1,1,0,0,0,20250707,20250710,527
1,0,1,1,0,0,0,20250707,20250722,708
1,0,1,1,0,0,1,20250622,20250626,610
1,0,1,1,0,0,1,20250713,20250722,130
1,0,1,1,0,1,1,20250622,20250630,617
1,0,1,1,1,0,0,20250622,20250630,519
1,0,1,1,1,0,0,20250623,20250703,269
1,0,1,1,1,0,0,20250623,20250703,29
1,0,1,1,1,0,0,20250624,20250704,239
1,0,1,1,1,0,0,20250630,20250704,743
1,0,1,1,1,0,0,20250702,20250707,367
1,0,1,1,1,0,0,20250714,20250722,899
1,0,1,1,1,0,1,20250622,20250722,782
1,0,1,1,1,1,0,20250714,20250722,936
1,0,1,1,1,1,1,20250622,20250703,11
1,0,1,1,1,1,1,20250622,20250722,546
1,0,1,1,1,1,1,20250628,20250706,854
1,0,1,1,1,1,1,20250706,20250722,382
1,0,1,1,1,1,1,20250706,20250722,738
1,0,1,1,1,1,1,20250713,20250722,526
1,1,0,0,0,0,0,20250623,20250624,444
1,1,0,0,0,0,0,20250630,20250701,601
1,1,0,0,0,0,0,20250630,20250722,323
1,1,0,0,0,0,0,20250707,20250708,125
1,1,0,0,0,0,0,20250714,20250715,455
1,1,0,0,0,0,0,20250714,20250722,894
1,1,0,0,0,0,0,20250721,20250722,264
1,1,0,0,0,0,1,20250622,20250624,326
1,1,0,0,0,0,1,20250622,20250722,118
1,1,0,0,0,0,1,20250622,20250722,883
1,1,0,0,0,0,1,20250706,20250708,654
1,1,0,0,0,0,1,20250720,20250722,515
1,1,0,0,1,0,0,20250630,20250704,415
1,1,0,0,1,0,0,20250707,20250722,747
1,1,0,0,1,0,0,20250718,20250722,357
1,1,0,0,1,0,1,20250622,20250722,327
1,1,0,0,1,1,0,20250623,20250708,203
1,1,0,0,1,1,0,20250705,20250722,191
1,1,0,0,1,1,1,20250622,20250722,202
1,1,0,1,0,0,0,20250622,20250703,855
1,1,0,1,0,0,0,20250623,20250626,157
1,1,0,1,0,0,0,20250625,20250703,417
1,1,0,1,0,0,0,20250630,20250703,702
1,1,0,1,0,0,0,20250707,20250710,1
1,1,0,1,0,0,0,20250714,20250717,459
1,1,0,1,0,0,1,20250629,20250706,143
1,1,0,1,0,0,1,20250706,20250722,160
1,1,0,1,0,0,1,20250706,20250722,461
1,1,0,1,0,1,1,20250622,20250703,486
1,1,0,1,0,1,1,20250708,20250722,25
1,1,0,1,1,0,0,20250623,20250627,919
1,1,0,1,1,0,0,20250624,20250722,568
1,1,0,1,1,0,0,20250630,20250704,275
1,1,0,1,1,0,0,20250707,20250722,115
1,1,0,1,1,0,0,20250707,20250722,432
1,1,0,1,1,0,0,20250717,20250722,873
1,1,0,1,1,0,1,20250623,20250704,891
1,1,0,1,1,0,1,20250629,20250706,779
1,1,0,1,1,0,1,20250629,20250722,746
1,1,0,1,1,1,0,20250628,20250706,141
1,1,0,1,1,1,0,20250630,20250722,539
1,1,0,1,1,1,1,20250622,20250703,817
1,1,0,1,1,1,1,20250622,20250712,678
1,1,0,1,1,1,1,20250622,20250722,211
1,1,0,1,1,1,1,20250622,20250722,785
1,1,0,1,1,1,1,20250704,20250722,613
1,1,0,1,1,1,1,20250705,20250722,497
1,1,0,1,1,1,1,20250705,20250722,786
1,1,0,1,1,1,1,20250705,20250722,820
1,1,0,1,1,1,1,20250706,20250722,890
1,1,0,1,1,1,1,20250707,20250722,433
1,1,0,1,1,1,1,20250712,20250722,281
1,1,1,0,0,0,0,20250623,20250625,358
1,1,1,0,0,0,0,20250623,20250625,841
1,1,1,0,0,0,0,20250623,20250625,913
1,1,1,0,0,0,0,20250623,20250704,503
1,1,1,0,0,0,0,20250628,20250702,823
1,1,1,0,0,0,0,20250629,20250709,452
1,1,1,0,0,0,0,20250630,20250702,276
1,1,1,0,0,0,0,20250630,20250702,648
1,1,1,0,0,0,0,20250630,20250702,834
1,1,1,0,0,0,0,20250701,20250722,605
1,1,1,0,0,0,0,20250707,20250709,22
1,1,1,0,0,0,0,20250707,20250722,376
1,1,1,0,0,0,0,20250707,20250722,49
1,1,1,0,0,0,0,20250714,20250716,41
1,1,1,0,0,0,1,20250622,20250625,122
1,1,1,0,0,0,1,20250622,20250625,148
1,1,1,0,0,0,1,20250622,20250625,635
1,1,1,0,0,0,1,20250622,20250625,682
1,1,1,0,0,0,1,20250622,20250625,724
1,1,1,0,0,0,1,20250622,20250629,495
1,1,1,0,0,0,1,20250622,20250722,434
1,1,1,0,0,0,1,20250628,20250711,932
1,1,1,0,0,0,1,20250629,20250702,301
1,1,1,0,0,0,1,20250629,20250702,328
1,1,1,0,0,0,1,20250629,20250722,755
1,1,1,0,0,0,1,20250707,20250722,194
1,1,1,0,0,0,1,20250707,20250722,812
1,1,1,0,0,1,1,20250622,20250629,754
1,1,1,0,0,1,1,20250622,20250721,739
1,1,1,0,0,1,1,20250628,20250702,421
1,1,1,0,0,1,1,20250705,20250720,630
1,1,1,0,0,1,1,20250713,20250722,646
1,1,1,0,1,0,0,20250623,20250627,14
1,1,1,0,1,0,0,20250623,20250722,317
1,1,1,0,1,0,0,20250623,20250722,403
1,1,1,0,1,0,0,20250624,20250704,835
1,1,1,0,1,0,0,20250627,20250711,609
1,1,1,0,1,0,0,20250630,20250704,454
1,1,1,0,1,0,0,20250630,20250707,933
1,1,1,0,1,0,0,20250707,20250722,882
1,1,1,0,1,0,1,20250622,20250627,542
1,1,1,0,1,0,1,20250622,20250629,669
1,1,1,0,1,0,1,20250622,20250704,767
1,1,1,0,1,0,1,20250622,20250722,928
1,1,1,0,1,0,1,20250630,20250706,190
1,1,1,0,1,0,1,20250707,20250722,413
1,1,1,0,1,0,1,20250715,20250722,653
1,1,1,0,1,1,0,20250623,20250628,789
1,1,1,0,1,1,0,20250623,20250703,554
1,1,1,0,1,1,0,20250623,20250704,509
1,1,1,0,1,1,0,20250623,20250722,245
1,1,1,0,1,1,0,20250628,20250705,582
1,1,1,0,1,1,0,20250630,20250705,532
1,1,1,0,1,1,0,20250702,20250722,273
1,1,1,0,1,1,0,20250708,20250722,436
1,1,1,0,1,1,0,20250708,20250722,91
1,1,1,0,1,1,1,20250622,20250704,284
1,1,1,0,1,1,1,20250622,20250722,167
1,1,1,0,1,1,1,20250627,20250711,164
1,1,1,0,1,1,1,20250628,20250706,15
1,1,1,0,1,1,1,20250707,20250722,814
1,1,1,0,1,1,1,20250707,20250722,821
1,1,1,0,1,1,1,20250708,20250722,106
1,1,1,1,0,0,0,20250622,20250703,58
1,1,1,1,0,0,0,20250623,20250626,195
1,1,1,1,0,0,0,20250623,20250626,579
1,1,1,1,0,0,0,20250623,20250626,797
1,1,1,1,0,0,0,20250623,20250626,830
1,1,1,1,0,0,0,20250623,20250626,902
1,1,1,1,0,0,0,20250623,20250630,80
1,1,1,1,0,0,0,20250623,20250701,593
1,1,1,1,0,0,0,20250623,20250702,625
1,1,1,1,0,0,0,20250623,20250703,395
1,1,1,1,0,0,0,20250623,20250706,262
1,1,1,1,0,0,0,20250623,20250722,347
1,1,1,1,0,0,0,20250623,20250722,457
1,1,1,1,0,0,0,20250623,20250722,473
1,1,1,1,0,0,0,20250623,20250722,50
1,1,1,1,0,0,0,20250623,20250722,547
1,1,1,1,0,0,0,20250623,20250722,735
1,1,1,1,0,0,0,20250623,20250722,808
1,1,1,1,0,0,0,20250623,20250722,862
1,1,1,1,0,0,0,20250630,20250703,528
1,1,1,1,0,0,0,20250630,20250710,215
1,1,1,1,0,0,0,20250630,20250710,288
1,1,1,1,0,0,0,20250630,20250722,848
1,1,1,1,0,0,0,20250707,20250710,300
1,1,1,1,0,0,0,20250707,20250710,688
1,1,1,1,0,0,0,20250707,20250722,104
1,1,1,1,0,0,0,20250707,20250722,18
1,1,1,1,0,0,0,20250708,20250722,387
1,1,1,1,0,0,0,20250708,20250722,679
1,1,1,1,0,0,0,20250710,20250717,487
1,1,1,1,0,0,0,20250714,20250717,180
1,1,1,1,0,0,0,20250714,20250722,331
1,1,1,1,0,0,0,20250714,20250722,344
1,1,1,1,0,0,1,20250622,20250626,216
1,1,1,1,0,0,1,20250622,20250626,498
1,1,1,1,0,0,1,20250622,20250626,667
1,1,1,1,0,0,1,20250622,20250626,773
1,1,1,1,0,0,1,20250622,20250626,92
1,1,1,1,0,0,1,20250622,20250703,726
1,1,1,1,0,0,1,20250622,20250710,599
1,1,1,1,0,0,1,20250622,20250714,592
1,1,1,1,0,0,1,20250622,20250722,108
1,1,1,1,0,0,1,20250622,20250722,342
1,1,1,1,0,0,1,20250622,20250722,482
1,1,1,1,0,0,1,20250622,20250722,555
1,1,1,1,0,0,1,20250622,20250722,645
1,1,1,1,0,0,1,20250622,20250722,842
1,1,1,1,0,0,1,20250629,20250703,447
1,1,1,1,0,0,1,20250629,20250703,780
1,1,1,1,0,0,1,20250629,20250706,2
1,1,1,1,0,0,1,20250630,20250706,348
1,1,1,1,0,0,1,20250630,20250710,311
1,1,1,1,0,0,1,20250630,20250722,169
1,1,1,1,0,0,1,20250706,20250722,137
1,1,1,1,0,0,1,20250706,20250722,685
1,1,1,1,0,0,1,20250707,20250713,68
1,1,1,1,0,0,1,20250708,20250722,197
1,1,1,1,0,0,1,20250714,20250720,51
1,1,1,1,0,0,1,20250715,20250722,4
1,1,1,1,0,1,0,20250623,20250722,345
1,1,1,1,0,1,0,20250628,20250703,47
1,1,1,1,0,1,0,20250628,20250705,27
1,1,1,1,0,1,0,20250630,20250705,230
1,1,1,1,0,1,0,20250707,20250719,499
1,1,1,1,0,1,0,20250707,20250722,6
1,1,1,1,0,1,0,20250707,20250722,642
1,1,1,1,0,1,0,20250707,20250722,677
1,1,1,1,0,1,1,20250623,20250703,560
1,1,1,1,0,1,1,20250628,20250703,557
1,1,1,1,0,1,1,20250628,20250706,570
1,1,1,1,0,1,1,20250628,20250722,849
1,1,1,1,0,1,1,20250630,20250706,128
1,1,1,1,0,1,1,20250701,20250722,621
1,1,1,1,0,1,1,20250706,20250712,901
1,1,1,1,0,1,1,20250706,20250722,154
1,1,1,1,0,1,1,20250707,20250722,365
1,1,1,1,0,1,1,20250707,20250722,65
1,1,1,1,0,1,1,20250714,20250722,683
1,1,1,1,1,0,0,20250622,20250703,479
1,1,1,1,1,0,0,20250622,20250704,42
1,1,1,1,1,0,0,20250622,20250711,697
1,1,1,1,1,0,0,20250622,20250713,332
1,1,1,1,1,0,0,20250622,20250721,937
1,1,1,1,1,0,0,20250622,20250722,219
1,1,1,1,1,0,0,20250622,20250722,229
1,1,1,1,1,0,0,20250622,20250722,266
1,1,1,1,1,0,0,20250622,20250722,271
1,1,1,1,1,0,0,20250622,20250722,501
1,1,1,1,1,0,0,20250622,20250722,505
1,1,1,1,1,0,0,20250622,20250722,534
1,1,1,1,1,0,0,20250623,20250627,611
1,1,1,1,1,0,0,20250623,20250627,631
1,1,1,1,1,0,0,20250623,20250627,640
1,1,1,1,1,0,0,20250623,20250630,448
1,1,1,1,1,0,0,20250623,20250701,602
1,1,1,1,1,0,0,20250623,20250703,752
1,1,1,1,1,0,0,20250623,20250704,548
1,1,1,1,1,0,0,20250623,20250704,74
1,1,1,1,1,0,0,20250623,20250704,856
1,1,1,1,1,0,0,20250623,20250705,217
1,1,1,1,1,0,0,20250623,20250706,340
1,1,1,1,1,0,0,20250623,20250706,36
1,1,1,1,1,0,0,20250623,20250711,312
1,1,1,1,1,0,0,20250623,20250718,826
1,1,1,1,1,0,0,20250623,20250722,101
1,1,1,1,1,0,0,20250623,20250722,113
1,1,1,1,1,0,0,20250623,20250722,123
1,1,1,1,1,0,0,20250623,20250722,173
1,1,1,1,1,0,0,20250623,20250722,176
1,1,1,1,1,0,0,20250623,20250722,209
1,1,1,1,1,0,0,20250623,20250722,254
1,1,1,1,1,0,0,20250623,20250722,263
1,1,1,1,1,0,0,20250623,20250722,278
1,1,1,1,1,0,0,20250623,20250722,28
1,1,1,1,1,0,0,20250623,20250722,30
1,1,1,1,1,0,0,20250623,20250722,355
1,1,1,1,1,0,0,20250623,20250722,38
1,1,1,1,1,0,0,20250623,20250722,412
1,1,1,1,1,0,0,20250623,20250722,424
1,1,1,1,1,0,0,20250623,20250722,430
1,1,1,1,1,0,0,20250623,20250722,456
1,1,1,1,1,0,0,20250623,20250722,502
1,1,1,1,1,0,0,20250623,20250722,516
1,1,1,1,1,0,0,20250623,20250722,517
1,1,1,1,1,0,0,20250623,20250722,535
1,1,1,1,1,0,0,20250623,20250722,606
1,1,1,1,1,0,0,20250623,20250722,695
1,1,1,1,1,0,0,20250623,20250722,768
1,1,1,1,1,0,0,20250623,20250722,805
1,1,1,1,1,0,0,20250623,20250722,818
1,1,1,1,1,0,0,20250623,20250722,83
1,1,1,1,1,0,0,20250623,20250722,836
1,1,1,1,1,0,0,20250623,20250722,869
1,1,1,1,1,0,0,20250623,20250722,89
1,1,1,1,1,0,0,20250623,20250722,909
1,1,1,1,1,0,0,20250623,20250722,926
1,1,1,1,1,0,0,20250625,20250706,751
1,1,1,1,1,0,0,20250625,20250722,394
1,1,1,1,1,0,0,20250626,20250706,522
1,1,1,1,1,0,0,20250626,20250718,168
1,1,1,1,1,0,0,20250626,20250722,881
1,1,1,1,1,0,0,20250627,20250703,792
1,1,1,1,1,0,0,20250627,20250711,426
1,1,1,1,1,0,0,20250629,20250707,529
1,1,1,1,1,0,0,20250630,20250704,224
1,1,1,1,1,0,0,20250630,20250704,48
1,1,1,1,1,0,0,20250630,20250711,491
1,1,1,1,1,0,0,20250630,20250718,204
1,1,1,1,1,0,0,20250630,20250721,736
1,1,1,1,1,0,0,20250630,20250722,144
1,1,1,1,1,0,0,20250630,20250722,255
1,1,1,1,1,0,0,20250630,20250722,485
1,1,1,1,1,0,0,20250630,20250722,556
1,1,1,1,1,0,0,20250630,20250722,813
1,1,1,1,1,0,0,20250630,20250722,871
1,1,1,1,1,0,0,20250701,20250718,251
1,1,1,1,1,0,0,20250701,20250722,777
1,1,1,1,1,0,0,20250702,20250722,680
1,1,1,1,1,0,0,20250704,20250722,469
1,1,1,1,1,0,0,20250706,20250722,596
1,1,1,1,1,0,0,20250707,20250711,32
1,1,1,1,1,0,0,20250707,20250722,188
1,1,1,1,1,0,0,20250707,20250722,252
1,1,1,1,1,0,0,20250707,20250722,341
1,1,1,1,1,0,0,20250707,20250722,717
1,1,1,1,1,0,0,20250707,20250722,806
1,1,1,1,1,0,0,20250708,20250722,418
1,1,1,1,1,0,0,20250708,20250722,884
1,1,1,1,1,0,0,20250708,20250722,929
1,1,1,1,1,0,0,20250711,20250722,315
1,1,1,1,1,0,0,20250711,20250722,727
1,1,1,1,1,0,0,20250714,20250722,279
1,1,1,1,1,0,0,20250714,20250722,351
1,1,1,1,1,0,0,20250714,20250722,414
1,1,1,1,1,0,0,20250714,20250722,59
1,1,1,1,1,0,0,20250714,20250722,666
1,1,1,1,1,0,0,20250714,20250722,828
1,1,1,1,1,0,0,20250715,20250721,363
1,1,1,1,1,0,0,20250715,20250722,218
1,1,1,1,1,0,0,20250716,20250722,672
1,1,1,1,1,0,1,20250622,20250627,620
1,1,1,1,1,0,1,20250622,20250627,733
1,1,1,1,1,0,1,20250622,20250627,824
1,1,1,1,1,0,1,20250622,20250704,511
1,1,1,1,1,0,1,20250622,20250704,756
1,1,1,1,1,0,1,20250622,20250704,910
1,1,1,1,1,0,1,20250622,20250706,809
1,1,1,1,1,0,1,20250622,20250713,238
1,1,1,1,1,0,1,20250622,20250714,67
1,1,1,1,1,0,1,20250622,20250714,924
1,1,1,1,1,0,1,20250622,20250722,139
1,1,1,1,1,0,1,20250622,20250722,147
1,1,1,1,1,0,1,20250622,20250722,185
1,1,1,1,1,0,1,20250622,20250722,268
1,1,1,1,1,0,1,20250622,20250722,306
1,1,1,1,1,0,1,20250622,20250722,339
1,1,1,1,1,0,1,20250622,20250722,346
1,1,1,1,1,0,1,20250622,20250722,416
1,1,1,1,1,0,1,20250622,20250722,427
1,1,1,1,1,0,1,20250622,20250722,442
1,1,1,1,1,0,1,20250622,20250722,521
1,1,1,1,1,0,1,20250622,20250722,559
1,1,1,1,1,0,1,20250622,20250722,598
1,1,1,1,1,0,1,20250622,20250722,714
1,1,1,1,1,0,1,20250622,20250722,783
1,1,1,1,1,0,1,20250622,20250722,801
1,1,1,1,1,0,1,20250622,20250722,850
1,1,1,1,1,0,1,20250623,20250722,484
1,1,1,1,1,0,1,20250623,20250722,774
1,1,1,1,1,0,1,20250627,20250711,186
1,1,1,1,1,0,1,20250629,20250704,845
1,1,1,1,1,0,1,20250629,20250706,313
1,1,1,1,1,0,1,20250630,20250706,843
1,1,1,1,1,0,1,20250630,20250711,334
1,1,1,1,1,0,1,20250630,20250713,660
1,1,1,1,1,0,1,20250706,20250711,246
1,1,1,1,1,0,1,20250706,20250722,39
1,1,1,1,1,0,1,20250706,20250722,730
1,1,1,1,1,0,1,20250706,20250722,750
1,1,1,1,1,0,1,20250706,20250722,762
1,1,1,1,1,0,1,20250707,20250722,359
1,1,1,1,1,0,1,20250707,20250722,71
1,1,1,1,1,0,1,20250707,20250722,784
1,1,1,1,1,0,1,20250707,20250722,878
1,1,1,1,1,0,1,20250707,20250722,906
1,1,1,1,1,0,1,20250708,20250722,870
1,1,1,1,1,0,1,20250712,20250722,889
1,1,1,1,1,0,1,20250713,20250718,533
1,1,1,1,1,0,1,20250713,20250722,371
1,1,1,1,1,0,1,20250713,20250722,463
1,1,1,1,1,0,1,20250713,20250722,537
1,1,1,1,1,0,1,20250713,20250722,544
1,1,1,1,1,0,1,20250714,20250722,641
1,1,1,1,1,0,1,20250714,20250722,745
1,1,1,1,1,0,1,20250715,20250722,629
1,1,1,1,1,1,0,20250622,20250705,336
1,1,1,1,1,1,0,20250622,20250712,749
1,1,1,1,1,1,0,20250623,20250628,102
1,1,1,1,1,1,0,20250623,20250629,205
1,1,1,1,1,1,0,20250623,20250703,507
1,1,1,1,1,1,0,20250623,20250704,142
1,1,1,1,1,1,0,20250623,20250714,911
1,1,1,1,1,1,0,20250623,20250719,655
1,1,1,1,1,1,0,20250623,20250721,111
1,1,1,1,1,1,0,20250623,20250721,383
1,1,1,1,1,1,0,20250623,20250722,222
1,1,1,1,1,1,0,20250623,20250722,280
1,1,1,1,1,1,0,20250623,20250722,337
1,1,1,1,1,1,0,20250623,20250722,587
1,1,1,1,1,1,0,20250623,20250722,775
1,1,1,1,1,1,0,20250623,20250722,802
1,1,1,1,1,1,0,20250623,20250722,892
1,1,1,1,1,1,0,20250627,20250703,135
1,1,1,1,1,1,0,20250627,20250711,634
1,1,1,1,1,1,0,20250627,20250722,656
1,1,1,1,1,1,0,20250628,20250704,508
1,1,1,1,1,1,0,20250628,20250705,760
1,1,1,1,1,1,0,20250628,20250707,325
1,1,1,1,1,1,0,20250628,20250713,701
1,1,1,1,1,1,0,20250628,20250722,61
1,1,1,1,1,1,0,20250630,20250705,480
1,1,1,1,1,1,0,20250630,20250711,298
1,1,1,1,1,1,0,20250704,20250722,659
1,1,1,1,1,1,0,20250705,20250722,187
1,1,1,1,1,1,0,20250705,20250722,619
1,1,1,1,1,1,0,20250705,20250722,657
1,1,1,1,1,1,0,20250706,20250722,156
1,1,1,1,1,1,0,20250706,20250722,865
1,1,1,1,1,1,0,20250707,20250712,431
1,1,1,1,1,1,0,20250707,20250719,98
1,1,1,1,1,1,0,20250707,20250722,375
1,1,1,1,1,1,0,20250707,20250722,399
1,1,1,1,1,1,0,20250707,20250722,466
1,1,1,1,1,1,0,20250707,20250722,523
1,1,1,1,1,1,0,20250707,20250722,643
1,1,1,1,1,1,0,20250708,20250722,19
1,1,1,1,1,1,0,20250711,20250712,392
1,1,1,1,1,1,0,20250712,20250722,40
1,1,1,1,1,1,0,20250714,20250719,790
1,1,1,1,1,1,0,20250714,20250722,183
1,1,1,1,1,1,0,20250714,20250722,37
1,1,1,1,1,1,0,20250714,20250722,384
1,1,1,1,1,1,0,20250714,20250722,492
1,1,1,1,1,1,0,20250714,20250722,595
1,1,1,1,1,1,0,20250714,20250722,810
1,1,1,1,1,1,0,20250714,20250722,95
1,1,1,1,1,1,0,20250715,20250722,302
1,1,1,1,1,1,1,20250622,20250629,506
1,1,1,1,1,1,1,20250622,20250630,170
1,1,1,1,1,1,1,20250622,20250702,839
1,1,1,1,1,1,1,20250622,20250703,649
1,1,1,1,1,1,1,20250622,20250704,564
1,1,1,1,1,1,1,20250622,20250705,706
1,1,1,1,1,1,1,20250622,20250710,410
1,1,1,1,1,1,1,20250622,20250710,55
1,1,1,1,1,1,1,20250622,20250711,177
1,1,1,1,1,1,1,20250622,20250711,464
1,1,1,1,1,1,1,20250622,20250711,840
1,1,1,1,1,1,1,20250622,20250712,543
1,1,1,1,1,1,1,20250622,20250713,763
1,1,1,1,1,1,1,20250622,20250713,939
1,1,1,1,1,1,1,20250622,20250714,114
1,1,1,1,1,1,1,20250622,20250714,373
1,1,1,1,1,1,1,20250622,20250714,406
1,1,1,1,1,1,1,20250622,20250714,759
1,1,1,1,1,1,1,20250622,20250714,837
1,1,1,1,1,1,1,20250622,20250719,220
1,1,1,1,1,1,1,20250622,20250719,585
1,1,1,1,1,1,1,20250622,20250721,661
1,1,1,1,1,1,1,20250622,20250722,103
1,1,1,1,1,1,1,20250622,20250722,124
1,1,1,1,1,1,1,20250622,20250722,192
1,1,1,1,1,1,1,20250622,20250722,243
1,1,1,1,1,1,1,20250622,20250722,256
1,1,1,1,1,1,1,20250622,20250722,259
1,1,1,1,1,1,1,20250622,20250722,270
1,1,1,1,1,1,1,20250622,20250722,291
1,1,1,1,1,1,1,20250622,20250722,307
1,1,1,1,1,1,1,20250622,20250722,320
1,1,1,1,1,1,1,20250622,20250722,324
1,1,1,1,1,1,1,20250622,20250722,335
1,1,1,1,1,1,1,20250622,20250722,510
1,1,1,1,1,1,1,20250622,20250722,518
1,1,1,1,1,1,1,20250622,20250722,545
1,1,1,1,1,1,1,20250622,20250722,600
1,1,1,1,1,1,1,20250622,20250722,607
1,1,1,1,1,1,1,20250622,20250722,627
1,1,1,1,1,1,1,20250622,20250722,639
1,1,1,1,1,1,1,20250622,20250722,668
1,1,1,1,1,1,1,20250622,20250722,670
1,1,1,1,1,1,1,20250622,20250722,674
1,1,1,1,1,1,1,20250622,20250722,728
1,1,1,1,1,1,1,20250622,20250722,731
1,1,1,1,1,1,1,20250622,20250722,765
1,1,1,1,1,1,1,20250622,20250722,778
1,1,1,1,1,1,1,20250622,20250722,811
1,1,1,1,1,1,1,20250622,20250722,831
1,1,1,1,1,1,1,20250622,20250722,861
1,1,1,1,1,1,1,20250622,20250722,879
1,1,1,1,1,1,1,20250622,20250722,887
1,1,1,1,1,1,1,20250622,20250722,923
1,1,1,1,1,1,1,20250622,20250722,93
1,1,1,1,1,1,1,20250623,20250703,64
1,1,1,1,1,1,1,20250623,20250705,766
1,1,1,1,1,1,1,20250623,20250722,127
1,1,1,1,1,1,1,20250623,20250722,181
1,1,1,1,1,1,1,20250623,20250722,225
1,1,1,1,1,1,1,20250623,20250722,478
1,1,1,1,1,1,1,20250623,20250722,524
1,1,1,1,1,1,1,20250623,20250722,541
1,1,1,1,1,1,1,20250624,20250705,54
1,1,1,1,1,1,1,20250624,20250707,364
1,1,1,1,1,1,1,20250626,20250703,744
1,1,1,1,1,1,1,20250627,20250706,586
1,1,1,1,1,1,1,20250627,20250711,650
1,1,1,1,1,1,1,20250627,20250722,165
1,1,1,1,1,1,1,20250628,20250704,709
1,1,1,1,1,1,1,20250628,20250705,525
1,1,1,1,1,1,1,20250628,20250706,804
1,1,1,1,1,1,1,20250628,20250707,796
1,1,1,1,1,1,1,20250628,20250722,52
1,1,1,1,1,1,1,20250629,20250706,247
1,1,1,1,1,1,1,20250629,20250722,126
1,1,1,1,1,1,1,20250629,20250722,189
1,1,1,1,1,1,1,20250629,20250722,710
1,1,1,1,1,1,1,20250629,20250722,864
1,1,1,1,1,1,1,20250629,20250722,96
1,1,1,1,1,1,1,20250630,20250706,401
1,1,1,1,1,1,1,20250630,20250711,512
1,1,1,1,1,1,1,20250630,20250721,696
1,1,1,1,1,1,1,20250630,20250722,920
1,1,1,1,1,1,1,20250701,20250722,305
1,1,1,1,1,1,1,20250704,20250711,616
1,1,1,1,1,1,1,20250704,20250722,703
1,1,1,1,1,1,1,20250704,20250722,860
1,1,1,1,1,1,1,20250705,20250713,53
1,1,1,1,1,1,1,20250705,20250722,282
1,1,1,1,1,1,1,20250705,20250722,575
1,1,1,1,1,1,1,20250705,20250722,748
1,1,1,1,1,1,1,20250706,20250722,369
1,1,1,1,1,1,1,20250706,20250722,481
1,1,1,1,1,1,1,20250706,20250722,590
1,1,1,1,1,1,1,20250706,20250722,658
1,1,1,1,1,1,1,20250706,20250722,798
1,1,1,1,1,1,1,20250707,20250713,819
1,1,1,1,1,1,1,20250707,20250719,698
1,1,1,1,1,1,1,20250707,20250721,423
1,1,1,1,1,1,1,20250707,20250722,31
1,1,1,1,1,1,1,20250707,20250722,33
1,1,1,1,1,1,1,20250707,20250722,343
1,1,1,1,1,1,1,20250707,20250722,439
1,1,1,1,1,1,1,20250707,20250722,77
1,1,1,1,1,1,1,20250708,20250722,675
1,1,1,1,1,1,1,20250708,20250722,900
1,1,1,1,1,1,1,20250711,20250722,622
1,1,1,1,1,1,1,20250712,20250719,87
1,1,1,1,1,1,1,20250712,20250722,572
1,1,1,1,1,1,1,20250713,20250722,248
1,1,1,1,1,1,1,20250713,20250722,584
1,1,1,1,1,1,1,20250713,20250722,632
1,1,1,1,1,1,1,20250713,20250722,690
1,1,1,1,1,1,1,20250713,20250722,764
1,1,1,1,1,1,1,20250713,20250722,858
1,1,1,1,1,1,1,20250714,20250720,408
1,1,1,1,1,1,1,20250714,20250722,21
1,1,1,1,1,1,1,20250714,20250722,352
1,1,1,1,1,1,1,20250714,20250722,711
1,1,1,1,1,1,1,20250714,20250722,935
1,1,1,1,1,1,1,20250715,20250722,390
1,1,1,1,1,1,1,20250715,20250722,885
1,1,1,1,1,1,1,20250716,20250722,787
1,1,1,1,1,1,1,20250718,20250722,84
