route_id,service_id,trip_id
1,33,1044230
1,33,403925
1,33,825650
1,340,1436951
1,340,346371
1,340,974639
1,93,1261290
1,93,1441411
1,93,1525658
10,16,237400
10,16,270334
10,174,1023349
10,174,1330027
10,212,623258
10,260,1131563
10,293,685479
10,299,1041756
10,299,1088896
10,299,1329865
10,310,155937
10,310,22804
10,396,1158797
10,396,225440
10,580,1038513
10,931,170800
10,934,1246552
11,119,240278
11,119,244357
11,119,372323
11,120,957697
11,139,236225
11,15,913507
11,16,523953
11,166,347007
11,166,494678
11,166,573075
11,171,287802
11,259,1436511
11,267,537742
11,289,856273
11,292,449859
11,292,73340
11,299,190845
11,308,1428193
11,308,755845
11,343,1136024
11,343,1196655
11,343,1560746
11,343,689868
11,356,565497
11,382,1010541
11,402,1120810
11,424,360538
11,434,1279364
11,439,946775
11,454,105555
11,462,1412115
11,467,438009
11,467,73706
11,471,203883
11,475,1388765
11,513,730529
11,582,658720
11,598,1505297
11,6,1069808
11,640,678162
11,643,1448414
11,645,931182
11,705,400832
11,707,320814
11,72,532311
11,804,1118729
11,804,1146630
11,804,135140
11,804,237678
11,815,21726
11,825,886433
11,850,133336
11,850,133922
11,897,1437685
11,927,668192
11,927,899724
11,930,699889
11,94,1396677
12,113,1032773
12,113,44180
12,120,982517
12,140,763514
12,146,1301083
12,166,1381361
12,175,956614
12,181,840419
12,20,1442883
12,22,1129981
12,234,715292
12,236,1466397
12,236,406435
12,253,115690
12,280,131898
12,292,138800
12,292,369916
12,292,772894
12,299,25877
12,299,539469
12,304,391478
12,330,1502324
12,378,1039145
12,396,763542
12,404,1318917
12,41,1289329
12,41,914700
12,444,1030569
12,455,1005507
12,457,1294035
12,513,172907
12,56,1139769
12,671,109011
12,704,721620
12,713,1177718
12,713,887439
12,716,1018808
12,736,693419
12,739,660720
12,740,1204067
12,740,334605
12,740,834853
12,78,61907
12,78,831748
12,782,1135528
12,823,124866
12,831,1223636
12,834,1100826
12,834,761630
12,838,134545
12,838,773836
12,847,660969
12,847,919276
12,867,766210
12,886,885654
12,90,1095462
12,903,575927
12,903,700664
12,907,567392
12,93,1065163
12,93,1464898
12,93,1489031
12,93,71787
12,930,1348159
12,934,846148
12,934,908039
12,94,1110351
13,117,1469279
13,406,985683
14,515,1306572
14,585,816583
15,16,314154
15,293,447073
15,471,38453
15,501,317731
15,505,1310921
15,528,55759
15,713,467303
15,742,1539955
15,742,35535
15,796,1168007
15,796,1304405
15,804,1407421
15,829,1277418
15,829,934732
15,852,1463765
15,852,229762
15,862,1435353
15,884,637098
15,930,336749
16,133,833933
16,292,469868
16,299,1336862
16,307,594241
16,373,373970
16,396,570879
16,462,1194004
16,474,471401
16,48,24542
16,515,655178
16,70,822024
16,845,1001958
16,845,1029966
16,845,1226623
16,845,1257979
16,845,1290752
16,845,1442530
16,845,225632
16,845,977433
17,247,188862
17,247,615310
17,31,830900
17,427,1243535
17,462,1405868
17,733,1321076
17,733,955928
17,77,1056668
17,804,115095
17,804,52816
17,878,73454
17,903,206754
17,94,450367
18,113,214212
18,153,960734
18,226,882203
18,242,611653
18,928,564483
19,124,907372
19,132,1550567
19,132,357132
19,16,1101455
19,16,1163362
19,16,1511774
19,16,368690
19,16,509369
19,174,1249608
19,174,238697
19,174,569389
19,196,642784
19,261,90332
19,29,868298
19,304,1216810
19,310,912441
19,378,530775
19,387,1168178
19,395,332284
19,409,1563303
19,409,790123
19,457,1155641
19,469,1384360
19,469,519396
19,521,399016
19,535,1084390
19,535,1190186
19,540,1276745
19,541,193913
19,563,195966
19,576,1396114
19,589,1087047
19,589,294843
19,589,573725
19,589,765382
19,589,797726
19,608,478018
19,615,1086767
19,659,985176
19,699,342720
19,699,579202
19,699,813175
19,70,767414
19,703,1244735
19,703,442774
19,713,893303
19,752,998444
19,78,4112
19,801,329091
19,818,558840
19,855,1382903
19,88,677495
19,97,1387423
2,420,689183
2,678,1358352
2,758,4283
20,16,1205101
20,16,1490192
20,16,772471
20,166,723932
20,236,1301522
20,26,673972
20,293,1479529
20,402,469021
20,455,1145743
20,455,707434
20,455,865676
20,467,947379
20,515,415699
20,527,1002077
20,527,1367195
20,579,642002
20,585,1375986
20,589,486567
20,605,1015099
20,649,156373
20,654,82962
20,70,1282693
20,70,950804
20,708,136812
20,720,808605
20,738,1442650
20,792,698424
20,816,732915
20,834,1534890
20,844,103889
20,847,844568
20,852,556178
20,852,756928
20,894,799964
20,93,1446260
21,16,860973
21,358,1214425
21,402,589401
21,467,1033122
21,468,665839
21,549,794259
21,70,593630
21,813,1521679
22,104,1281169
22,107,1417678
22,113,101281
22,120,1034506
22,137,1139584
22,142,643236
22,16,1436341
22,16,1438630
22,16,1521984
22,16,238906
22,16,339203
22,16,575078
22,16,896756
22,166,1121898
22,166,283309
22,166,578193
22,166,843782
22,188,324284
22,188,385417
22,206,959521
22,207,1133350
22,210,57372
22,213,623176
22,214,370665
22,239,1225679
22,24,1301708
22,253,1248802
22,269,1356959
22,272,448076
22,273,576235
22,282,987445
22,286,1278380
22,287,548766
22,292,1555514
22,292,623941
22,294,895888
22,295,1393797
22,299,1179190
22,299,250091
22,299,305064
22,299,458097
22,299,738385
22,301,205461
22,303,1145379
22,304,1374249
22,304,1487460
22,304,197724
22,349,26416
22,360,74574
22,369,22740
22,375,1563116
22,378,1477394
22,389,1356803
22,396,1345183
22,402,595728
22,415,1280356
22,415,1458747
22,42,114291
22,450,483818
22,451,1433660
22,458,68626
22,462,303174
22,462,424223
22,462,739709
22,462,97089
22,467,365231
22,467,651995
22,467,711492
22,470,1087765
22,475,1275873
22,475,1551951
22,475,473407
22,475,702665
22,494,134237
22,513,1092384
22,513,245817
22,513,497273
22,513,918985
22,517,1448200
22,560,1280605
22,565,956417
22,567,452925
22,576,1044193
22,58,173206
22,589,1048870
22,589,578885
22,589,639857
22,589,741362
22,589,941640
22,592,1553797
22,603,1338813
22,613,275811
22,619,1056717
22,626,85498
22,67,1531092
22,677,316466
22,70,1379746
22,713,1315513
22,713,1381508
22,713,1549808
22,717,1042902
22,72,1489035
22,72,573146
22,725,245305
22,740,1317385
22,740,149387
22,742,1089948
22,742,345186
22,742,922285
22,752,1526053
22,756,910083
22,769,1034927
22,769,1389251
22,769,772886
22,776,1026727
22,776,1484288
22,776,1495240
22,776,175983
22,776,365615
22,776,445980
22,776,460978
22,776,536171
22,776,575829
22,776,743409
22,776,752045
22,776,796379
22,776,995428
22,78,1209463
22,787,1184949
22,789,755298
22,839,815712
22,844,1476445
22,844,735921
22,852,457026
22,853,720283
22,856,1020703
22,869,70285
22,870,1310955
22,874,110199
22,882,91359
22,885,1179266
22,886,1103728
22,886,555593
22,913,915239
22,916,417061
22,930,1220508
22,930,26557
22,930,361781
22,930,974046
22,931,499259
22,931,973292
22,934,737427
22,934,803825
22,934,834921
22,94,62253
22,94,672911
22,94,746883
22,94,831413
23,133,935789
23,349,1387385
23,742,1361941
23,742,1473382
23,790,1026866
23,790,70708
23,790,718807
23,790,959956
24,102,1304590
24,120,592002
24,16,1151096
24,16,1206225
24,16,259382
24,16,934870
24,170,617985
24,218,487790
24,238,835429
24,241,1258135
24,292,1324699
24,299,7738
24,302,951422
24,305,986965
24,335,629458
24,373,1443125
24,373,1520184
24,373,508976
24,373,639635
24,391,761307
24,391,935920
24,396,574008
24,402,138395
24,46,1100106
24,46,218060
24,464,493637
24,467,1211840
24,467,469928
24,524,1260292
24,528,92568
24,572,627102
24,601,282193
24,641,1365755
24,641,683754
24,720,1205258
24,720,448500
24,721,1498434
24,733,717001
24,775,1400907
24,775,1529549
24,833,1438635
24,885,1286028
24,885,326398
24,885,650434
24,885,667077
24,886,1351879
24,903,175014
24,903,953987
24,907,595558
24,907,638320
24,911,160583
24,924,1163191
24,93,731061
24,930,1530370
24,930,410327
24,934,26582
24,96,989577
25,113,106847
25,113,1554161
25,113,290905
25,113,368462
25,113,597054
25,113,729777
25,113,98294
25,134,1277
25,134,698901
25,391,1444443
25,391,588299
25,391,607459
25,391,763376
25,48,166181
25,579,140777
25,713,596900
25,806,1007268
25,907,131210
25,907,1473006
25,907,1549283
25,907,616031
25,907,744463
25,907,934470
25,912,126548
25,93,681645
25,93,751870
26,103,36594
26,120,1515652
26,129,606126
26,131,1042313
26,134,1424735
26,134,894329
26,134,933505
26,154,1357077
26,162,491639
26,162,777014
26,189,107782
26,227,341852
26,230,276203
26,236,241852
26,243,612391
26,246,1035509
26,246,1397433
26,246,1456768
26,246,635133
26,246,664829
26,253,1315334
26,253,1317812
26,253,1407503
26,255,303279
26,255,965102
26,272,614128
26,292,150205
26,293,559633
26,299,307266
26,299,331977
26,299,369475
26,299,466951
26,32,1449143
26,334,475780
26,341,999044
26,343,1026094
26,343,1136578
26,343,1271283
26,343,266549
26,343,293949
26,343,400322
26,35,30496
26,356,463107
26,377,893094
26,384,573593
26,388,530354
26,391,257836
26,396,1017701
26,396,725629
26,396,735228
26,396,908510
26,399,1032984
26,404,592578
26,409,256704
26,41,328163
26,41,745161
26,420,725349
26,439,434519
26,440,1105921
26,445,320249
26,45,1163029
26,45,1172086
26,45,1257826
26,45,1311449
26,45,172341
26,457,115081
26,462,652691
26,462,834821
26,480,1084475
26,480,1469648
26,480,1484832
26,480,1502146
26,480,193222
26,480,269324
26,480,500679
26,480,65383
26,480,856623
26,481,78010
26,485,672419
26,525,142728
26,528,912453
26,532,1325801
26,544,577702
26,552,1344621
26,552,266933
26,552,287747
26,552,7946
26,57,270682
26,589,110799
26,589,1467401
26,624,714599
26,664,213457
26,713,138686
26,713,364
26,713,97497
26,716,231193
26,72,1152890
26,740,290754
26,740,406991
26,746,1152845
26,764,1034935
26,764,327316
26,764,445834
26,764,525237
26,764,979329
26,775,177516
26,779,248217
26,78,340232
26,78,416656
26,78,505135
26,791,594380
26,798,1985
26,798,31083
26,804,1130017
26,804,1280243
26,804,1419570
26,804,1431533
26,804,239233
26,804,837225
26,834,429232
26,838,1455899
26,838,218559
26,838,59802
26,862,1155878
26,867,1173715
26,883,336812
26,896,624147
26,90,954202
26,903,185481
26,91,1136390
26,917,1478183
26,917,56861
26,917,708434
26,93,1515985
26,93,1548227
26,930,128854
26,930,61263
26,930,853283
26,933,1516673
27,220,1207339
27,220,1234539
27,220,1359309
27,220,1419189
27,220,1514689
27,220,353794
27,220,601932
27,221,1071912
27,221,1478231
27,221,448918
27,221,507890
27,234,2780
27,236,341259
27,236,473797
27,264,1531676
27,376,1312295
27,413,928986
27,425,424667
27,455,667894
27,462,1461898
27,462,839700
27,472,1141297
27,472,86197
27,511,205400
27,515,1022705
27,515,1305004
27,515,140545
27,515,267007
27,515,285308
27,515,623916
27,515,808701
27,518,84806
27,564,1107875
27,564,694914
27,564,701785
27,564,796034
27,655,981386
27,74,1096048
27,776,103847
27,776,1327169
27,776,1337164
27,776,1342153
27,776,1392473
27,776,1552759
27,776,217044
27,776,270241
27,776,281039
27,776,284930
27,776,532114
27,776,559431
27,776,635102
27,776,870815
27,812,1027174
27,812,1528908
27,812,165243
27,812,29973
27,812,374822
27,812,727125
27,86,1539928
27,9,982186
28,117,45425
28,320,323624
28,406,504439
29,167,1408447
29,236,1320425
29,236,719555
29,292,407659
29,299,129436
29,299,1367001
29,299,1560189
29,299,549451
29,320,149314
29,320,976822
29,335,1370835
29,406,126343
29,406,1264246
29,462,1354976
29,462,1439110
29,462,148830
29,462,269110
29,462,916361
29,519,1521307
29,621,435581
29,639,599303
29,713,754042
29,759,246216
29,834,1539
29,837,289891
29,837,482670
29,837,857394
29,845,219990
29,885,117552
29,885,1208857
29,885,526072
29,885,699909
29,885,859845
29,885,887068
29,887,230113
29,887,582063
29,930,1258220
3,10,340489
3,114,1280630
3,316,277715
3,373,1050392
3,373,1457290
3,373,294933
3,653,1032691
3,885,486356
3,885,673815
3,885,971094
30,253,446669
30,264,212658
30,265,4798
30,332,455795
30,343,109922
30,343,1276076
30,343,702329
30,343,850562
30,408,71956
30,557,575802
30,68,610097
30,733,1329716
30,804,1189001
30,804,204801
30,804,248455
30,804,5276
30,854,421743
30,935,629639
31,108,998983
31,113,1100200
31,113,1165647
31,113,763952
31,120,913033
31,134,197199
31,134,231459
31,134,279158
31,134,744531
31,134,774021
31,134,828711
31,134,944286
31,158,1538383
31,158,74205
31,158,928142
31,188,1126572
31,347,124923
31,391,195754
31,391,303976
31,391,695899
31,391,704831
31,442,441871
31,475,216406
31,531,886995
31,555,1017551
31,577,1438011
31,588,81602
31,716,4179
31,72,520395
31,72,614896
31,815,413426
31,815,710351
31,856,1220525
31,872,1220903
31,931,508636
32,113,1104802
32,113,1173980
32,113,1278426
32,113,1287672
32,113,196998
32,113,222731
32,113,242882
32,113,536343
32,113,733607
32,113,825757
32,113,85202
32,113,964053
32,120,1442516
32,120,226456
32,121,5098
32,127,547882
32,134,1018266
32,134,663457
32,16,1421265
32,16,1551282
32,160,377235
32,166,1138186
32,166,619100
32,166,897081
32,202,1512344
32,202,434672
32,237,1034435
32,240,123022
32,253,295720
32,274,707549
32,277,95366
32,292,227311
32,299,285724
32,304,1554786
32,304,421076
32,304,551282
32,337,1142898
32,338,1523309
32,345,353482
32,349,217200
32,377,1445667
32,378,1356050
32,378,1548296
32,378,845473
32,391,607343
32,391,633181
32,391,662824
32,396,550025
32,417,177667
32,417,214157
32,437,497051
32,457,464299
32,457,897443
32,462,337927
32,462,620237
32,467,1421794
32,467,416445
32,467,800020
32,513,177656
32,562,209148
32,594,1054783
32,594,61887
32,601,702097
32,651,119451
32,713,53799
32,716,1009026
32,716,1814
32,716,586352
32,721,1472859
32,721,1473388
32,731,446883
32,774,1547948
32,775,1097448
32,775,305045
32,775,602905
32,775,643962
32,785,1039628
32,811,1489814
32,818,274441
32,836,468641
32,844,1197628
32,847,47385
32,886,1172387
32,896,1266401
32,896,145881
32,896,367050
32,896,423508
32,896,484731
32,896,577757
32,903,183643
32,907,1220102
32,907,1282941
32,907,1443716
32,907,1548834
32,907,406507
32,907,472016
32,907,654575
32,907,660437
32,907,775014
32,912,936256
32,93,1087854
32,93,1187492
32,93,1263071
32,93,1271549
32,93,1386711
32,93,1518658
32,93,242923
32,93,274500
32,93,435338
32,93,495269
32,93,691891
32,93,79588
32,93,832148
32,93,833520
32,93,997957
32,930,1060454
32,930,914018
32,934,275106
32,934,794971
32,94,348914
33,113,421364
34,119,1116211
34,119,834192
34,119,841292
34,15,996639
34,278,366321
34,278,97876
34,292,814658
34,343,1461702
34,343,599845
34,48,1190887
34,48,184043
34,566,700155
34,620,321184
34,643,828977
34,72,448527
34,760,1199708
34,791,1081193
34,791,542812
34,804,1010715
34,804,359170
34,815,1550534
34,886,1494212
34,930,1438274
34,935,1376638
35,113,1085951
35,113,537743
35,119,1217848
35,120,1072372
35,120,381392
35,120,577224
35,128,767736
35,132,897105
35,16,1156148
35,166,1281714
35,166,98375
35,208,1336891
35,218,1370401
35,218,519093
35,218,530434
35,284,306281
35,292,718903
35,299,1195911
35,334,620814
35,363,86008
35,377,738315
35,378,1368859
35,378,540584
35,378,801314
35,381,910199
35,396,364789
35,402,1062972
35,402,1287461
35,402,1469443
35,405,1052987
35,405,472633
35,414,1522215
35,426,1445421
35,426,176682
35,426,36837
35,451,1265958
35,462,1410219
35,463,1021789
35,465,183524
35,471,1270868
35,471,1431343
35,471,408418
35,471,835216
35,477,1411386
35,491,940549
35,498,1085060
35,498,1113482
35,498,1436153
35,498,392615
35,498,533626
35,498,639901
35,498,665560
35,51,517285
35,512,817682
35,53,849108
35,576,507919
35,581,1084249
35,581,918890
35,583,134989
35,589,1074815
35,589,1306295
35,609,616212
35,635,662727
35,648,1324869
35,650,1051943
35,650,1148578
35,650,1294781
35,650,1494501
35,650,801296
35,666,616973
35,69,1282394
35,713,261609
35,713,293211
35,713,362809
35,740,172337
35,740,206515
35,753,297983
35,758,264961
35,758,38628
35,758,89454
35,776,1367661
35,776,1396305
35,78,507227
35,8,775845
35,803,1073968
35,803,136609
35,825,1055374
35,825,345925
35,825,68520
35,829,1158861
35,829,1429088
35,829,1458892
35,829,788867
35,829,935806
35,851,1362505
35,867,977584
35,873,1064224
35,873,1159907
35,885,116283
35,885,1222730
35,885,1431038
35,885,275452
35,885,363809
35,885,694786
35,885,730130
35,885,929855
35,886,1477988
35,886,286776
35,886,59555
35,896,456269
35,902,1233249
35,902,511601
35,902,522698
35,902,58815
35,902,708116
35,902,892383
35,903,1085588
35,903,1127201
35,903,1232233
35,903,1259944
35,903,1426683
35,903,1447995
35,903,302286
35,903,305642
35,903,431767
35,903,465177
35,903,537338
35,903,586171
35,903,629652
35,903,94402
35,912,533827
35,930,1421298
35,930,323226
36,126,218006
36,134,1457263
36,299,430274
36,299,609439
36,349,1012681
36,589,331022
36,665,769228
36,733,373955
36,733,587338
36,939,387827
36,939,587671
37,16,375498
37,182,1323255
37,212,587848
37,253,485849
37,254,1355576
37,278,1288283
37,278,646902
37,289,1151949
37,289,820186
37,300,802278
37,343,452834
37,343,60163
37,396,418713
37,471,1465085
37,471,1528663
37,48,1176324
37,48,196791
37,528,1365989
37,567,1256139
37,576,1105328
37,589,638218
37,631,1056751
37,743,402884
37,761,749915
37,804,243417
37,804,389531
37,852,346946
37,93,203443
37,93,998593
38,93,1246216
38,93,343082
38,93,800998
38,93,844324
39,113,826023
39,118,325567
39,134,178947
39,134,813874
39,134,998157
39,158,1496117
39,16,1438097
39,16,498720
39,16,967508
39,166,969119
39,174,702458
39,187,1058458
39,187,835262
39,188,976163
39,216,982128
39,231,1028224
39,236,340514
39,25,1173772
39,253,695268
39,253,801309
39,278,470416
39,299,137833
39,310,1065807
39,310,868912
39,346,325115
39,378,1283279
39,378,588113
39,391,1114538
39,396,1015734
39,396,660407
39,396,73732
39,402,1405226
39,416,540266
39,436,1059113
39,459,27373
39,462,1079830
39,462,737784
39,469,1200779
39,47,288026
39,47,633988
39,48,1310723
39,48,1539029
39,48,80061
39,480,1016974
39,480,1532045
39,480,413342
39,480,83508
39,5,174385
39,557,361565
39,640,1423916
39,640,380458
39,674,1144860
39,713,302018
39,713,857286
39,728,1119833
39,758,1069891
39,758,516831
39,762,392328
39,765,1038379
39,765,1329593
39,765,1361724
39,775,1148017
39,775,137318
39,776,12073
39,780,471019
39,791,344709
39,807,366821
39,838,728574
39,868,698811
39,886,1563242
39,892,1386311
39,896,450968
39,919,372750
39,93,812665
39,930,1430355
39,930,40527
39,930,67127
39,930,90100
39,930,9349
39,97,163087
4,510,642329
4,602,132809
4,775,1344142
4,844,1151785
4,844,124696
4,93,1263668
4,93,682523
4,93,702452
4,93,891187
40,130,946063
40,16,720728
40,16,945027
40,166,209371
40,166,696431
40,199,674563
40,208,1434248
40,208,846769
40,215,885250
40,234,740322
40,253,779457
40,289,1121663
40,289,1190166
40,289,65327
40,298,1025840
40,344,93981
40,368,336096
40,37,1479578
40,378,357979
40,378,560623
40,396,1335257
40,396,1374359
40,411,415514
40,414,1030797
40,414,107220
40,414,1287589
40,414,1315975
40,414,168344
40,414,691883
40,426,119717
40,471,50473
40,471,695914
40,48,377227
40,513,1516306
40,537,929489
40,570,387406
40,581,973881
40,584,756731
40,595,1058351
40,63,129402
40,63,1350915
40,650,349055
40,690,1450530
40,690,279461
40,693,1427052
40,740,268589
40,78,1102638
40,791,421115
40,791,851442
40,800,610849
40,858,1542223
40,903,1059278
40,903,126016
40,903,1379009
40,903,1428715
40,903,557725
40,903,609812
40,903,645029
40,903,884920
40,914,1302431
40,930,215607
40,934,461899
40,934,538843
40,94,480184
41,134,633422
41,328,1435102
41,346,159544
41,391,1257641
41,391,688631
41,441,637079
41,442,1301902
41,442,1482409
41,456,1169604
41,48,986670
41,559,1438660
41,640,1504156
41,70,1387033
41,799,477862
41,83,511554
41,896,843961
41,93,1488515
41,93,305047
41,93,607802
42,113,579294
42,120,637808
42,132,1252585
42,132,1458920
42,132,23388
42,132,878464
42,16,681168
42,16,770274
42,184,970128
42,218,1230359
42,225,1170455
42,462,248884
42,498,576416
42,498,71513
42,498,918657
42,512,1454844
42,512,1499433
42,512,619756
42,512,738017
42,524,1303759
42,576,316339
42,635,494267
42,650,1322766
42,650,234669
42,650,49607
42,650,505520
42,650,818002
42,740,1444292
42,740,211518
42,78,455833
42,825,594559
42,829,1295813
42,838,5491
42,871,1257802
42,885,1117140
42,885,250275
42,885,287233
42,885,949291
42,902,1049373
42,903,1522653
42,903,15935
42,903,256588
42,903,462244
42,903,596416
42,907,181356
42,93,1073233
42,93,1080833
42,93,483020
42,93,654161
42,93,885117
42,93,901017
42,93,905784
42,93,997066
42,930,1081721
43,113,114202
43,113,1304706
43,113,294082
43,113,622002
43,113,750013
43,113,93222
43,120,1174137
43,134,1053580
43,134,60255
43,158,1320889
43,158,1416882
43,158,269408
43,16,413310
43,166,71504
43,23,1286665
43,253,1421383
43,278,575677
43,296,500949
43,304,1252537
43,339,1515638
43,339,362681
43,342,95557
43,391,1187288
43,391,1290180
43,391,257704
43,391,656648
43,391,811720
43,396,930249
43,442,1356924
43,457,117204
43,467,1212811
43,467,650207
43,467,891605
43,471,1344494
43,471,384489
43,475,1396927
43,475,143643
43,475,1554455
43,475,338665
43,475,474899
43,475,627071
43,475,920487
43,48,8299
43,528,856646
43,530,587476
43,530,700749
43,588,1380069
43,588,631183
43,588,958568
43,588,96084
43,637,1056715
43,692,1153107
43,72,1514161
43,72,185708
43,72,442866
43,72,498981
43,769,1037807
43,775,341455
43,775,588574
43,775,697674
43,815,1175214
43,815,1481814
43,815,328396
43,815,414760
43,836,798116
43,852,571988
43,862,1534366
43,862,268845
43,930,1104984
44,131,480885
44,299,407329
44,396,230448
44,712,1190004
44,734,590198
44,93,28051
44,93,351451
45,414,1513719
45,414,370523
45,414,403884
45,414,445973
45,414,592562
45,414,678171
45,414,697278
45,414,770116
45,475,674458
45,513,1489062
45,537,368747
45,567,209776
45,576,997417
45,581,1554115
45,581,380226
45,581,498272
45,581,53935
45,581,556654
45,581,81385
45,581,855101
45,584,1455961
45,584,292680
45,584,928702
45,791,1317188
45,794,142017
45,810,1048186
45,858,1405495
45,903,1156061
45,903,1159980
45,903,1196669
45,903,1320871
45,903,347105
45,903,446270
45,903,45813
45,903,479873
45,903,514192
45,903,578391
45,903,598777
45,903,872493
45,903,982979
45,934,743718
46,113,166244
46,134,464235
46,134,749021
46,212,1552610
46,278,719451
46,282,1175063
46,282,696498
46,328,896121
46,349,676168
46,391,1189729
46,391,557530
46,442,1560985
46,442,362357
46,456,1520756
46,48,1157870
46,559,183901
46,564,1064163
46,640,1460455
46,70,1041857
46,799,73079
46,8,940815
46,83,914153
46,896,1118460
46,907,694527
46,93,825325
47,16,658960
47,163,996726
47,166,107777
47,166,736990
47,179,844832
47,205,221302
47,253,102949
47,253,987387
47,276,1339873
47,294,347271
47,393,95779
47,396,288348
47,402,1076780
47,444,861721
47,507,1189896
47,507,287090
47,528,1272803
47,564,1220567
47,594,859555
47,649,1131577
47,649,1151189
47,649,1234765
47,649,1319833
47,649,1418919
47,649,1455637
47,649,44508
47,649,587056
47,649,702149
47,649,856804
47,689,1509310
47,713,1451954
47,713,275845
47,713,983919
47,724,529327
47,76,184527
47,769,1172321
47,769,1190757
47,769,623436
47,769,916393
47,78,857614
47,788,45632
47,817,357858
47,834,328207
47,838,125579
47,838,608186
47,838,637065
48,119,1363197
48,122,326198
48,158,348731
48,16,808021
48,18,905627
48,19,771054
48,2,1193886
48,2,367964
48,216,962960
48,23,1253130
48,27,1214096
48,278,665206
48,299,548265
48,325,362866
48,343,1231241
48,343,292711
48,350,1511889
48,378,1384713
48,378,939255
48,401,1090196
48,401,1390114
48,401,991932
48,404,1248747
48,41,1474356
48,475,1112926
48,48,1494912
48,482,1198332
48,492,1038039
48,492,657804
48,528,348772
48,570,959300
48,579,451945
48,589,696
48,598,1157840
48,642,1036561
48,643,155323
48,675,56212
48,713,1458632
48,713,340606
48,72,350672
48,72,382997
48,72,897508
48,73,545212
48,740,460099
48,740,619829
48,760,496588
48,796,1068928
48,804,1097189
48,804,506156
48,804,587333
48,815,1306035
48,815,469201
48,815,721055
48,819,1113422
48,819,41596
48,84,1199478
48,841,1068827
48,847,222391
48,900,589589
48,930,1119355
48,930,52122
49,109,390964
49,16,376367
49,16,700406
49,166,974034
49,200,52214
49,200,941734
49,217,1052914
49,217,1269497
49,292,1162875
49,33,1527667
49,33,184781
49,33,188165
49,33,634487
49,33,794404
49,33,990510
49,340,1169719
49,340,1340901
49,340,1400091
49,340,172716
49,340,238131
49,340,370485
49,340,39143
49,340,606202
49,36,1511007
49,366,305629
49,366,698149
49,40,1280193
49,40,145484
49,443,1113630
49,443,1264107
49,443,151863
49,443,231781
49,444,1048101
49,451,329217
49,522,1259259
49,70,214112
49,730,375211
49,751,75431
49,896,377033
49,906,155977
49,913,842812
49,930,919327
5,16,1318198
5,16,757658
5,188,1157672
5,471,676552
5,528,22327
5,640,1187758
5,640,798566
5,700,1309143
5,702,1313997
5,717,399381
5,723,678253
5,742,936736
5,829,444316
5,930,786163
50,515,1111687
50,585,1513162
50,93,486368
51,93,1092542
51,93,42041
52,122,910535
52,15,86616
52,15,905034
52,158,921024
52,183,776727
52,216,1110102
52,216,1119258
52,216,1261406
52,216,1397656
52,216,28308
52,216,294024
52,216,365756
52,216,420273
52,216,48107
52,216,752283
52,216,821564
52,292,126900
52,292,323470
52,31,1503758
52,315,689320
52,32,325318
52,32,791640
52,359,312755
52,371,849481
52,392,1211152
52,431,168202
52,431,808178
52,48,910732
52,482,615643
52,572,226973
52,572,610188
52,579,1387200
52,579,331103
52,586,1251677
52,586,1415347
52,622,1257328
52,622,447532
52,622,504368
52,622,762444
52,622,781694
52,622,849715
52,632,1506054
52,632,822034
52,646,1201680
52,656,1195308
52,693,860855
52,70,1020515
52,713,1073486
52,713,1194528
52,733,1158784
52,804,1014273
52,804,1075228
52,804,1113967
52,804,1291435
52,804,1425372
52,804,1549265
52,804,212101
52,804,654290
52,804,782385
52,804,936408
52,87,1010876
52,90,1326967
52,903,328870
52,92,980348
53,152,915148
53,161,297615
53,161,77887
53,168,956984
53,204,57684
53,253,1439219
53,253,813459
53,264,208131
53,290,452953
53,299,2382
53,306,1028830
53,318,988904
53,32,526457
53,34,282220
53,349,270494
53,356,1492899
53,362,200255
53,396,1387068
53,44,76006
53,449,1081828
53,451,703593
53,462,1365620
53,462,1499651
53,462,396772
53,462,496435
53,462,622798
53,471,386810
53,504,1056803
53,556,1550710
53,576,554398
53,576,749750
53,589,1329817
53,597,455153
53,597,683875
53,604,1048748
53,604,1122336
53,604,398331
53,604,777823
53,611,712112
53,681,792036
53,684,898503
53,689,1451589
53,691,1225531
53,70,940318
53,713,1285021
53,742,126201
53,742,1280745
53,742,1357228
53,742,283224
53,742,637591
53,742,699398
53,742,703958
53,742,716205
53,742,717917
53,742,79320
53,742,884037
53,742,926941
53,742,977868
53,742,994036
53,768,1024622
53,768,1168190
53,768,1429588
53,768,1515186
53,768,264442
53,768,546693
53,768,853022
53,768,895062
53,771,1011716
53,771,743866
53,776,1233510
53,776,1308611
53,776,1562232
53,776,251763
53,776,340136
53,776,848348
53,799,1306854
53,799,144256
53,799,882611
53,8,544567
53,841,1429187
53,841,729527
53,857,201748
53,895,455450
53,903,1431596
53,903,611249
53,909,299956
53,912,1022414
53,912,1065622
53,912,1431166
53,912,232186
53,915,987176
53,926,1189066
53,934,80582
53,937,652389
54,1,427641
54,105,1433075
54,125,590490
54,16,1167134
54,16,1376073
54,16,935843
54,166,690016
54,166,79530
54,177,1126325
54,177,114327
54,177,137409
54,177,1504346
54,177,282686
54,177,378494
54,177,678590
54,177,821728
54,228,1412075
54,253,263561
54,253,777542
54,253,996133
54,264,1315123
54,264,665538
54,272,1057070
54,292,818963
54,304,1248237
54,304,946718
54,312,265123
54,322,1528004
54,348,86627
54,364,1427474
54,396,1562587
54,396,212390
54,396,670917
54,451,41906
54,451,648523
54,451,665027
54,462,1399999
54,467,3088
54,467,475768
54,467,972421
54,471,139705
54,515,1234841
54,515,1265547
54,515,1375129
54,515,1526693
54,515,335405
54,515,442887
54,515,474688
54,515,490873
54,515,637792
54,515,716341
54,515,873903
54,515,998112
54,55,888522
54,574,811217
54,576,1559888
54,628,99797
54,687,975276
54,688,1359757
54,692,555012
54,697,866362
54,713,484267
54,713,508823
54,740,795533
54,742,1364322
54,742,1447813
54,742,269882
54,742,284255
54,742,528036
54,742,55120
54,742,752503
54,742,763760
54,742,829282
54,742,916302
54,758,294520
54,78,35757
54,78,381496
54,790,1048209
54,790,1168545
54,790,1170672
54,790,137223
54,790,1395296
54,790,1406014
54,790,341880
54,790,372535
54,790,481334
54,830,807381
54,838,1304983
54,838,875799
54,840,1143029
54,867,719896
54,896,948715
54,912,738951
54,930,978478
55,93,899687
56,113,135073
56,113,568530
56,113,899310
56,166,280166
56,166,782950
56,188,1024666
56,188,1531634
56,188,91025
56,236,505712
56,250,271849
56,293,939132
56,299,1001408
56,299,347961
56,303,804953
56,304,709415
56,336,1048301
56,375,1035184
56,375,930177
56,378,1322680
56,378,873789
56,379,1015457
56,379,1084535
56,379,1310155
56,379,526180
56,396,300305
56,448,734204
56,461,1139363
56,54,1338253
56,54,1543485
56,54,1822
56,54,19269
56,54,225473
56,54,626740
56,54,751894
56,54,929990
56,590,1061090
56,590,1189796
56,590,1534484
56,590,781977
56,628,1272565
56,628,1325113
56,628,1367740
56,628,1412996
56,628,1444019
56,628,360207
56,628,856143
56,628,874717
56,658,1037023
56,658,1145059
56,658,1193307
56,658,1260374
56,658,1292235
56,658,151943
56,658,1534880
56,658,452010
56,658,4808
56,658,514216
56,658,592436
56,658,634209
56,658,697651
56,658,83086
56,658,855286
56,658,877902
56,658,879775
56,658,957059
56,658,991092
56,692,1282833
56,706,1086836
56,706,1169888
56,706,1170297
56,706,1184810
56,706,1217945
56,706,1407744
56,706,305595
56,706,45356
56,706,66857
56,706,680382
56,706,740942
56,706,917736
56,706,989822
56,719,708008
56,727,108064
56,769,818703
56,80,92828
56,844,1374111
56,856,1029111
56,856,1141060
56,856,1177349
56,856,345403
56,890,1392577
56,897,964267
56,901,1097454
56,905,1284089
56,905,53024
56,905,549325
56,905,801022
56,93,1107167
56,93,856142
56,938,232532
56,938,822882
57,132,1021216
57,132,1144274
57,132,1474023
57,132,1549259
57,132,653227
57,132,675391
57,132,692517
57,132,738327
57,132,84339
57,132,847085
57,132,89703
57,166,1501036
57,183,611631
57,208,1313913
57,216,1110185
57,216,1317800
57,216,1500748
57,216,398850
57,216,707888
57,253,116869
57,298,1112098
57,331,97489
57,396,43538
57,451,337569
57,512,1084189
57,512,116503
57,512,1301460
57,512,1389737
57,512,239586
57,512,375071
57,512,506129
57,512,679795
57,512,856190
57,512,931707
57,512,936752
57,513,1439240
57,533,788944
57,542,1264617
57,558,1531692
57,572,1054849
57,572,1292755
57,572,391740
57,572,42395
57,572,502599
57,572,521655
57,636,814092
57,690,1178024
57,690,1323705
57,690,20856
57,690,296222
57,690,870857
57,740,270166
57,740,619319
57,791,67508
57,829,65956
57,930,299465
57,936,572677
57,94,660661
58,93,532747
59,113,951413
59,134,43544
59,134,483633
59,391,920785
59,442,429965
59,607,277434
59,713,888458
59,716,1082003
59,907,1545365
59,93,1090578
59,93,78567
6,16,695772
6,223,1159478
6,223,1500891
6,405,663219
6,447,1156044
6,447,384356
6,515,1434062
6,571,461562
6,585,710305
6,60,783314
6,776,683057
6,889,50732
6,93,314174
6,934,1236427
6,935,13266
6,939,581688
60,620,777072
60,632,491185
60,804,157674
60,804,404033
60,824,519732
60,935,1513927
61,113,107164
61,391,1361837
61,442,425182
61,467,1181341
61,467,270585
61,490,274034
61,490,289655
61,490,300188
61,490,325063
61,545,1038850
61,545,1095326
61,861,100613
61,861,725281
62,278,1144618
62,278,786813
62,299,1472034
62,314,971547
62,335,874710
62,343,1045402
62,343,582958
62,48,1141228
62,48,60395
62,528,356614
62,528,512234
62,804,828430
62,804,901668
62,862,364949
62,862,713879
62,923,45825
63,110,145604
63,120,695139
63,120,6952
63,120,788903
63,150,91756
63,151,405465
63,157,1531770
63,166,550425
63,172,214755
63,22,406402
63,234,1290115
63,234,557901
63,234,632965
63,236,1556833
63,247,1355163
63,247,203445
63,253,1348504
63,253,745300
63,258,864706
63,278,620191
63,278,765359
63,28,107756
63,285,707340
63,289,105455
63,289,1064954
63,289,1127049
63,299,192877
63,299,458870
63,299,746735
63,299,9196
63,317,500194
63,338,1309724
63,343,1416258
63,343,299722
63,343,498642
63,343,772738
63,343,878131
63,357,1028800
63,397,1222281
63,402,1333989
63,402,56454
63,402,732244
63,403,1284649
63,41,206723
63,41,83009
63,421,1196349
63,423,1467093
63,428,204185
63,43,482830
63,467,1434881
63,467,341696
63,467,45497
63,48,330883
63,48,357164
63,48,442555
63,48,497835
63,490,1084253
63,490,471969
63,495,764547
63,499,1491570
63,502,272237
63,513,1474690
63,528,590519
63,529,253275
63,551,18857
63,557,380445
63,557,973289
63,574,155634
63,576,1061031
63,589,1262285
63,589,127438
63,589,1439695
63,589,1532384
63,589,408004
63,608,1529736
63,70,943027
63,709,1427451
63,709,153795
63,709,162848
63,709,694938
63,713,467453
63,713,692989
63,713,69305
63,713,993947
63,715,8462
63,722,325848
63,740,1153512
63,740,165547
63,740,581143
63,776,1062824
63,776,1091249
63,776,1105058
63,776,1142866
63,776,1334439
63,776,1447956
63,776,354934
63,776,36119
63,776,446286
63,776,597944
63,776,749509
63,776,759669
63,776,827265
63,776,885410
63,793,283259
63,795,1046547
63,804,1006580
63,814,393600
63,841,909390
63,842,71313
63,842,721357
63,862,363094
63,880,556340
63,886,519680
63,903,248969
63,922,252447
63,930,1498094
63,930,1525353
63,934,1359060
63,94,1414925
64,167,1315626
64,203,1121718
64,236,1224647
64,292,888839
64,299,37835
64,320,1104557
64,320,1315465
64,320,239754
64,320,413527
64,320,536874
64,320,733466
64,320,861687
64,320,880532
64,320,891183
64,335,901222
64,519,928003
64,621,609672
64,70,681804
64,713,1548457
64,776,848436
64,777,252974
64,829,562967
64,904,1131361
64,913,1229123
64,93,733775
64,930,243534
64,934,1233150
65,142,1477870
65,194,1441340
65,221,1291845
65,221,652997
65,221,760986
65,221,791203
65,234,516759
65,236,1239135
65,236,1414634
65,264,540007
65,293,1421244
65,299,1116412
65,299,686329
65,376,266669
65,380,729202
65,425,28299
65,455,1024406
65,462,10174
65,462,104862
65,472,821614
65,513,1384803
65,515,1305302
65,515,1316778
65,515,1457610
65,515,256999
65,515,702167
65,515,766053
65,515,953866
65,518,1547636
65,564,1027630
65,564,1178531
65,564,1440446
65,564,166884
65,564,307018
65,564,407607
65,564,755159
65,564,882812
65,564,886161
65,564,936924
65,614,1280419
65,698,1103536
65,698,1228312
65,698,189781
65,698,644044
65,698,716167
65,698,732065
65,698,80548
65,74,153113
65,756,416803
65,776,1097761
65,776,124164
65,776,1336474
65,776,1409100
65,776,1461441
65,776,1504733
65,776,217921
65,776,424612
65,776,53870
65,776,663277
65,776,695394
65,776,745758
65,776,923758
65,776,970602
65,812,1178410
65,812,1206900
65,812,1268139
65,812,1355510
65,812,473962
65,812,654928
65,888,1048368
65,9,1387325
65,903,41020
65,910,779447
65,98,1234504
66,189,1390239
66,356,311817
66,420,1427500
66,70,993776
66,710,1386156
66,758,1453517
66,93,1381955
66,93,754080
67,100,621963
67,113,1136973
67,113,1270670
67,113,1507411
67,113,1526031
67,113,1556097
67,113,240248
67,113,55294
67,113,664715
67,113,860610
67,113,889116
67,122,653031
67,135,828190
67,146,851692
67,146,871977
67,156,1273415
67,16,1036192
67,16,1309224
67,16,1545869
67,16,47680
67,16,537844
67,16,905967
67,176,90798
67,176,942730
67,197,1197592
67,244,357148
67,244,514521
67,253,493342
67,253,805940
67,266,1392748
67,266,872352
67,270,1222686
67,288,1431253
67,288,877479
67,303,1368018
67,303,670743
67,327,756688
67,327,830658
67,339,1423371
67,353,1076810
67,353,340833
67,353,530282
67,378,904707
67,379,232970
67,379,28553
67,396,519885
67,398,991612
67,425,863978
67,432,859554
67,444,466357
67,460,241853
67,475,197584
67,475,771113
67,483,98122
67,489,376517
67,536,374198
67,536,970706
67,550,185750
67,550,356673
67,576,461300
67,576,538
67,596,568199
67,706,479361
67,72,71548
67,721,1203065
67,727,1179815
67,729,247456
67,749,484359
67,757,1388887
67,766,148840
67,766,479665
67,771,202820
67,771,662911
67,79,613704
67,79,735588
67,815,1038194
67,815,1540912
67,815,314011
67,829,930285
67,847,1378078
67,852,1353985
67,852,61797
67,865,1011044
67,877,1087875
67,877,1301714
67,886,324784
67,891,1894
67,891,934610
67,903,1103568
67,903,130871
67,903,917514
67,905,1343223
67,905,338505
67,907,1085901
67,907,1403717
67,907,634330
67,93,129010
67,93,190570
67,93,237829
67,93,359498
67,93,949950
67,930,18377
67,930,881583
68,212,1237393
68,268,237072
68,52,1140041
68,733,1029640
68,733,1229800
68,778,287316
68,864,1499400
68,94,1460920
69,113,836537
69,113,917065
69,119,1531936
69,120,424937
69,120,646441
69,132,338498
69,132,34923
69,158,146443
69,16,467919
69,164,325588
69,166,838886
69,178,1493147
69,185,417884
69,208,389064
69,218,1043591
69,218,1404015
69,218,483410
69,218,85042
69,22,780745
69,236,691951
69,241,699081
69,241,923023
69,292,294350
69,292,626822
69,298,486120
69,299,1026929
69,299,344561
69,302,1172237
69,309,1224856
69,311,1064530
69,32,562217
69,370,666014
69,391,1404096
69,396,1230167
69,396,1418882
69,396,817958
69,4,697602
69,405,23127
69,414,425316
69,426,132830
69,426,852421
69,444,812263
69,462,1283349
69,462,627231
69,467,1140814
69,471,162801
69,471,455164
69,475,1016857
69,488,1393122
69,491,202146
69,491,669245
69,491,922535
69,498,108081
69,498,1139546
69,498,1141189
69,498,1224043
69,498,1236122
69,498,129481
69,498,1431807
69,498,1464264
69,498,384571
69,498,655824
69,498,91390
69,498,999401
69,512,1259345
69,512,186703
69,513,157233
69,513,278302
69,576,1040860
69,581,1157092
69,584,275843
69,589,12743
69,589,556665
69,595,309474
69,609,1086822
69,629,1241175
69,629,674221
69,634,196253
69,648,1306495
69,650,101381
69,650,1217403
69,650,1337011
69,650,636652
69,650,72295
69,650,748829
69,650,934109
69,672,10258
69,713,1229535
69,713,1235599
69,713,1447807
69,713,406088
69,713,563414
69,713,700995
69,721,764609
69,776,1103174
69,776,951542
69,803,1535445
69,825,1103453
69,825,1120482
69,825,835938
69,829,1342803
69,829,141336
69,829,167122
69,829,617382
69,829,67135
69,838,916898
69,843,831856
69,867,449005
69,885,1167409
69,885,1258562
69,885,296796
69,885,360347
69,885,678495
69,885,723380
69,885,897395
69,886,101580
69,886,264789
69,902,1015437
69,902,1035559
69,902,1404558
69,902,1511472
69,902,503308
69,902,735911
69,903,1003589
69,903,1025336
69,903,1081423
69,903,1201256
69,903,132435
69,903,1353054
69,903,1470465
69,903,1493138
69,903,294803
69,903,344012
69,903,395319
69,903,400368
69,903,488540
69,903,611120
69,903,617298
69,903,673555
69,903,795107
69,903,859120
69,903,95576
69,912,1209300
69,912,1226569
69,930,1151566
69,930,1160748
69,930,1192306
69,930,86281
69,934,1367925
69,934,1454316
69,934,1501193
69,934,543261
69,94,936461
69,95,154753
7,144,178938
7,144,232717
7,144,487039
7,144,964676
7,16,1002887
7,16,1278960
7,16,259549
7,174,1227513
7,244,101392
7,244,103381
7,244,1040681
7,244,1058858
7,244,1525410
7,244,249008
7,299,1174915
7,299,640932
7,310,542835
7,323,1548120
7,391,1498160
7,391,1563342
7,396,887183
7,407,1392442
7,451,1031236
7,496,94180
7,514,981140
7,52,1237865
7,579,1004486
7,579,1220651
7,579,1334719
7,579,1367075
7,579,394180
7,579,427391
7,579,513840
7,579,618878
7,579,621770
7,579,774220
7,579,95348
7,618,1033915
7,640,505379
7,652,898653
7,713,1140237
7,713,287846
7,720,367470
7,720,659196
7,737,1367285
7,832,1129202
7,832,250904
7,832,273348
7,832,414456
7,832,483109
7,832,562066
7,832,623207
7,832,699458
7,832,748427
7,848,1169134
7,848,1406489
7,848,383326
7,848,517857
7,848,759547
7,849,266862
7,876,169087
7,97,1001667
7,97,1510843
7,97,173629
7,97,327752
7,97,365116
7,97,429533
7,97,832803
70,119,62538
70,186,244372
70,186,713526
70,208,1544502
70,218,1270930
70,218,1469874
70,218,568958
70,234,200435
70,248,793944
70,289,1105
70,298,1391507
70,299,732761
70,299,892006
70,356,1334048
70,414,487454
70,426,595851
70,435,663638
70,451,51506
70,498,1388679
70,498,69512
70,51,748708
70,537,1014313
70,537,1026584
70,537,824810
70,543,1384044
70,576,777367
70,584,943011
70,629,458760
70,650,100639
70,650,1056462
70,650,1230006
70,666,886977
70,667,404420
70,740,675614
70,791,518514
70,815,1447494
70,815,272761
70,825,1001767
70,825,609074
70,825,827902
70,829,1222042
70,829,840215
70,829,981994
70,885,706182
70,885,870582
70,902,1006881
70,902,378906
70,902,878923
70,903,1006670
70,903,1018499
70,903,1106711
70,903,1286914
70,903,1312130
70,903,1500147
70,903,190510
70,903,645726
70,903,75520
70,903,76532
70,903,951318
70,913,35417
70,934,1395059
70,934,246472
70,934,31041
70,934,474530
70,934,525350
71,1,1108050
71,105,375616
71,133,1166035
71,143,1250747
71,166,1399663
71,177,1014300
71,177,1041736
71,177,12320
71,177,1344991
71,177,350814
71,177,473246
71,177,562810
71,177,669471
71,177,82165
71,177,854154
71,178,508090
71,180,431796
71,264,404124
71,292,309572
71,304,401039
71,321,1049931
71,364,908693
71,378,954713
71,402,1490568
71,410,20977
71,467,1414383
71,515,1048219
71,515,1105527
71,515,1212537
71,515,1212974
71,515,1535671
71,515,184586
71,515,268812
71,515,361030
71,515,384414
71,515,405183
71,515,599183
71,515,613717
71,515,689443
71,515,981582
71,574,302074
71,576,201376
71,576,646596
71,576,8933
71,599,784288
71,628,400522
71,682,1171995
71,687,1042124
71,688,1378185
71,742,1073567
71,742,1239817
71,742,1324756
71,742,175289
71,742,179178
71,742,509978
71,742,74822
71,742,906240
71,742,9548
71,758,476662
71,790,101980
71,790,1045926
71,790,1061533
71,790,1416401
71,790,1531496
71,790,173127
71,790,384884
71,790,481383
71,790,610855
71,790,691968
71,790,772793
71,790,837588
71,809,792154
71,830,916786
71,875,105079
71,896,786644
71,903,1176672
71,903,1411265
71,903,550721
71,918,1118802
72,113,859851
72,212,399163
72,220,17521
72,220,875045
72,221,658041
72,234,169827
72,264,1064417
72,264,1316621
72,264,1321081
72,264,1484635
72,264,911766
72,322,1364775
72,322,1473188
72,322,797499
72,413,777061
72,419,1030488
72,419,1277003
72,419,1482986
72,419,252291
72,425,1278611
72,451,1147039
72,451,1545747
72,455,896437
72,467,1074510
72,467,1216038
72,467,1388729
72,467,628590
72,467,935257
72,49,103763
72,49,1049527
72,49,1107055
72,49,1413809
72,49,1473807
72,515,1126868
72,515,435035
72,548,1369082
72,548,735698
72,564,1352179
72,776,1029198
72,776,222473
72,776,41521
72,776,431561
72,776,843028
72,799,808793
72,812,1280696
72,812,556769
72,822,73694
72,826,1044270
72,826,1220168
72,826,1294428
72,826,1352276
72,826,268556
72,856,110247
72,856,1539967
72,856,680483
72,859,1058638
72,859,1143564
72,859,630498
72,859,862662
72,859,968339
72,86,589058
72,896,136833
72,896,378034
72,9,1304148
72,90,459243
72,90,948256
72,90,966126
72,907,440482
72,934,199873
72,934,361585
72,934,835108
73,100,1041848
73,100,106392
73,14,1386770
73,14,277547
73,144,1213838
73,144,209921
73,633,661524
73,633,843605
73,699,228281
73,699,414861
73,93,1081310
73,93,1472120
73,93,204491
73,93,323145
73,93,469354
73,93,48168
74,209,148929
74,343,209030
74,365,469534
74,505,540107
74,508,244916
74,528,113266
74,570,410089
74,761,858781
74,797,84439
74,804,45821
74,815,1449778
74,845,1497588
74,852,1369439
74,903,185322
74,934,650718
75,119,461332
75,120,762628
75,132,1377973
75,132,336851
75,132,678710
75,132,700511
75,132,7724
75,132,872455
75,132,914643
75,132,956891
75,132,99110
75,132,998771
75,134,353248
75,16,1118507
75,16,1161356
75,16,1426541
75,16,1537287
75,16,240233
75,16,263574
75,16,271328
75,16,309611
75,16,344079
75,16,397454
75,16,567315
75,16,773040
75,16,95797
75,163,1275842
75,163,1323532
75,163,1414355
75,163,1553498
75,163,249954
75,163,319293
75,163,366559
75,163,533378
75,163,789793
75,163,822511
75,163,824590
75,173,1022259
75,208,91450
75,208,964121
75,233,1112493
75,233,715500
75,253,864061
75,279,767573
75,279,787324
75,279,842018
75,299,1417565
75,299,1506564
75,299,443775
75,299,739578
75,329,466724
75,334,756472
75,352,1137210
75,352,1512214
75,352,1543992
75,352,387586
75,352,834907
75,378,97584
75,396,627420
75,396,752611
75,401,850384
75,404,639496
75,404,835486
75,462,147590
75,462,299098
75,462,385734
75,465,1115655
75,465,127278
75,465,308575
75,465,895860
75,475,265358
75,491,1422091
75,491,745649
75,491,865737
75,493,7777
75,512,122528
75,512,1350104
75,512,211584
75,512,217944
75,512,351093
75,512,370824
75,512,435617
75,512,617190
75,512,626986
75,512,672552
75,512,789152
75,553,1002852
75,572,1328219
75,579,1527485
75,589,1210698
75,628,1201794
75,632,835240
75,711,1093831
75,711,38704
75,711,644185
75,713,1395825
75,713,730750
75,72,47961
75,72,954485
75,745,1032405
75,745,258088
75,776,1064599
75,78,1163655
75,78,214332
75,791,30436
75,838,1360651
75,844,1369999
75,852,151192
75,868,4771
75,886,468015
75,899,1188326
75,903,112964
75,903,297375
75,903,555817
75,903,627159
75,903,703455
75,903,726977
75,903,779553
75,934,1545786
75,94,313562
75,94,941347
75,99,1358254
76,109,1031475
76,111,518580
76,158,649770
76,16,792441
76,200,1084869
76,217,1535280
76,262,1330916
76,326,110838
76,33,125019
76,33,818133
76,340,1383955
76,340,1519545
76,340,158961
76,36,370982
76,366,1395403
76,366,73206
76,39,1045457
76,40,1048293
76,443,1234281
76,443,366652
76,443,384799
76,484,1414631
76,522,643358
76,623,1558733
76,65,1144356
76,70,1004287
76,775,975149
76,898,1255651
76,906,1086899
76,913,1408674
76,925,1013947
76,93,165557
76,93,257370
77,134,420655
77,134,800444
77,158,1020724
77,166,1104991
77,166,1116107
77,166,738499
77,182,765839
77,192,1221645
77,192,773674
77,293,470043
77,294,1558534
77,294,472159
77,294,545063
77,310,1479520
77,346,601779
77,391,1507693
77,5,1216102
77,513,1055032
77,587,8320
77,713,1422988
77,713,481691
77,769,1006840
77,783,1017764
77,892,36272
77,897,73021
77,930,883234
78,11,212141
78,159,772978
78,16,1435698
78,16,1476591
78,16,258529
78,16,851303
78,174,208063
78,18,1537781
78,222,450645
78,261,830232
78,304,737664
78,310,12940
78,378,561958
78,396,1043985
78,469,1043247
78,469,1080303
78,478,287219
78,486,288678
78,493,1222687
78,560,753086
78,563,869504
78,576,938039
78,578,607359
78,589,521893
78,608,964015
78,615,451853
78,617,713033
78,64,728017
78,64,79195
78,649,1228578
78,649,1440238
78,649,481057
78,659,94782
78,699,1550293
78,699,449822
78,699,946690
78,70,602345
78,703,1096990
78,703,1529501
78,703,1551172
78,703,513078
78,703,525200
78,703,639977
78,714,405128
78,832,26553
78,93,88702
78,97,1206491
79,113,1396329
79,120,685602
79,123,854244
79,134,544078
79,144,1138017
79,16,1278161
79,16,534807
79,16,608922
79,20,18150
79,23,78374
79,245,947406
79,253,1050224
79,253,1468098
79,253,513960
79,253,562687
79,257,1404715
79,258,14541
79,263,915812
79,278,1250576
79,278,1253266
79,278,1328072
79,278,772457
79,283,1557862
79,292,251501
79,293,940172
79,299,1398229
79,299,607617
79,304,536844
79,349,586021
79,378,1222005
79,378,482992
79,394,253049
79,396,1513420
79,396,280169
79,402,82617
79,403,1380868
79,412,138586
79,425,836301
79,430,775473
79,451,1234600
79,454,7690
79,462,1130975
79,462,1203115
79,462,1285942
79,462,1405629
79,462,1442727
79,462,17745
79,462,488474
79,467,13380
79,473,1499271
79,48,1233201
79,48,603845
79,48,648968
79,48,649757
79,48,808743
79,48,892576
79,48,928127
79,513,472116
79,534,1331044
79,567,1063033
79,567,1218937
79,567,1380773
79,567,1542975
79,567,385212
79,567,742439
79,576,1280065
79,589,138407
79,589,1445230
79,589,252865
79,589,401490
79,589,475686
79,589,556850
79,589,66166
79,589,706805
79,589,836473
79,589,854274
79,628,1234653
79,633,748287
79,640,594265
79,644,1112191
79,713,898173
79,718,74097
79,72,453919
79,72,52094
79,742,1242298
79,742,1410160
79,742,636233
79,742,69789
79,742,775097
79,742,962505
79,743,1042542
79,776,1435956
79,776,1528847
79,776,255968
79,776,405628
79,776,775001
79,776,820896
79,776,948149
79,791,1558882
79,852,1137776
79,852,777472
79,852,815692
79,868,1166814
79,893,687710
79,912,893026
79,930,298475
79,930,860818
79,94,1298562
8,299,78734
8,589,1267119
8,733,1079754
8,733,751750
80,391,1033592
80,391,229062
80,72,228654
80,72,764966
80,815,562937
80,815,819102
81,113,545695
81,907,30150
81,93,882527
82,510,445365
82,602,123856
82,61,160120
82,741,1365633
82,93,1204785
82,93,1268582
82,93,1307754
82,93,1377773
82,93,1537191
82,93,391858
82,93,474140
82,93,807265
82,93,898019
82,93,946148
83,113,1408716
83,113,682759
83,115,222855
83,120,557709
83,125,609440
83,16,1011872
83,16,1051981
83,16,10781
83,16,1345781
83,16,1473204
83,16,154050
83,16,265588
83,16,681238
83,16,706422
83,16,754522
83,16,907470
83,20,187063
83,219,440417
83,23,1459614
83,23,423037
83,234,285338
83,234,346189
83,235,592041
83,272,316189
83,278,626546
83,278,648291
83,30,401007
83,304,65864
83,304,962848
83,361,1251425
83,367,719462
83,378,603685
83,450,688389
83,451,286746
83,451,767507
83,471,733609
83,48,1054642
83,48,172590
83,48,229943
83,516,754533
83,520,1191916
83,528,1457816
83,547,770623
83,567,1348649
83,567,221300
83,567,841280
83,573,1304678
83,589,126841
83,589,1333922
83,589,1397345
83,589,165776
83,589,584047
83,589,601917
83,589,714453
83,589,792472
83,601,399661
83,601,786505
83,62,1369001
83,626,163590
83,626,459571
83,626,525482
83,626,543636
83,626,797624
83,626,927268
83,626,985964
83,628,1152416
83,640,134284
83,66,678134
83,673,1397353
83,679,514363
83,686,1201450
83,695,1200145
83,7,82632
83,70,82491
83,700,806616
83,705,1410467
83,732,546390
83,735,1160770
83,742,192036
83,742,945373
83,743,353249
83,755,1557560
83,758,231681
83,772,1538556
83,772,499704
83,776,715427
83,82,40291
83,829,1011223
83,829,1075751
83,829,1385116
83,829,172134
83,829,172310
83,829,295731
83,829,311693
83,829,378632
83,829,480303
83,829,991041
83,862,504354
83,89,488798
83,912,1267013
83,913,886330
83,917,1452138
83,929,318533
83,930,1531786
84,106,125253
84,113,539381
84,113,835664
84,12,841751
84,120,522471
84,120,528122
84,136,149848
84,148,1555967
84,16,150329
84,16,174435
84,16,869041
84,16,913546
84,163,529205
84,166,118002
84,166,1291241
84,166,1367189
84,166,527230
84,22,714942
84,232,326405
84,234,1466959
84,234,328248
84,236,604704
84,252,1561605
84,253,1093325
84,253,1526325
84,253,267010
84,253,74906
84,253,968678
84,271,213622
84,277,1275600
84,292,168837
84,292,351134
84,292,7627
84,297,1195583
84,299,59772
84,299,878738
84,304,1446555
84,304,659412
84,314,183359
84,343,1553382
84,343,818764
84,349,1538758
84,349,267176
84,378,1107516
84,378,1231885
84,378,1505356
84,390,1149767
84,396,403920
84,396,866415
84,400,1334229
84,402,1212857
84,402,1518057
84,404,864249
84,405,1018522
84,41,1338663
84,422,174618
84,451,1181727
84,451,199285
84,452,772656
84,455,645738
84,462,1422227
84,462,323411
84,462,401625
84,467,579029
84,487,1465298
84,490,1350345
84,518,355116
84,518,508037
84,518,557049
84,518,710362
84,576,1256790
84,576,976567
84,675,12829
84,70,13895
84,709,1201348
84,709,14153
84,709,528194
84,709,588955
84,709,594894
84,709,721102
84,709,945584
84,713,428923
84,713,635666
84,72,1026476
84,72,855425
84,722,831234
84,740,478642
84,776,1035104
84,776,1209727
84,776,1256634
84,776,131633
84,776,1327745
84,776,1331089
84,776,1498055
84,776,26144
84,776,351984
84,776,387191
84,776,581590
84,776,911468
84,776,922834
84,776,989347
84,78,497826
84,781,1381117
84,784,931752
84,8,1025253
84,802,1093952
84,838,630892
84,838,774798
84,841,470992
84,847,879443
84,85,326688
84,867,15872
84,867,977438
84,868,974267
84,886,200526
84,896,1196629
84,896,1454063
84,896,745668
84,903,1487659
84,903,254465
84,903,29413
84,903,316619
84,912,465212
84,912,571168
84,913,626984
84,930,1319206
84,930,91081
84,94,1388653
85,13,483025
85,144,168021
85,16,1338997
85,16,762981
85,174,184159
85,216,433042
85,244,1161626
85,244,1332361
85,244,600927
85,249,121347
85,299,137239
85,299,1479361
85,310,1100897
85,323,1205466
85,354,1320831
85,378,1450528
85,391,1313375
85,396,479479
85,396,989027
85,407,1231178
85,451,1126350
85,496,409408
85,52,1119535
85,52,1121067
85,52,1438353
85,579,1067870
85,579,1090415
85,579,1106464
85,579,1346447
85,579,241094
85,579,245017
85,579,353800
85,579,490907
85,579,624466
85,579,80007
85,579,872642
85,579,935510
85,589,1419211
85,618,1200799
85,638,406537
85,640,1134115
85,652,1306439
85,713,152302
85,713,263024
85,72,183929
85,720,924315
85,737,1454517
85,737,906833
85,757,519122
85,832,1015979
85,832,1150915
85,832,1273553
85,832,156432
85,832,37129
85,832,520903
85,832,584995
85,832,722744
85,832,827648
85,832,893204
85,832,940581
85,848,1037049
85,848,1084830
85,848,1131281
85,848,1149002
85,848,1450954
85,848,575100
85,848,731001
85,876,631027
85,920,414200
85,96,1250421
85,97,1349952
85,97,1465190
85,97,511283
85,97,902460
86,119,361731
86,119,851209
86,120,132167
86,132,81041
86,141,1182026
86,149,1164476
86,16,1533296
86,16,1559114
86,16,442505
86,18,1536665
86,19,129876
86,190,1346385
86,195,1046663
86,201,1112474
86,21,945491
86,216,1018880
86,216,1319300
86,216,236254
86,216,664589
86,216,965661
86,22,762221
86,234,454119
86,247,523798
86,253,1471054
86,253,618964
86,253,823997
86,264,704521
86,281,1134453
86,289,1103243
86,292,117373
86,292,704752
86,292,856204
86,292,857398
86,299,1231490
86,299,130071
86,299,835450
86,3,952694
86,313,432138
86,319,1300132
86,32,1080119
86,32,1525534
86,32,299040
86,32,355583
86,32,542706
86,32,597651
86,32,620669
86,32,868021
86,349,754152
86,378,975522
86,385,27149
86,396,1257789
86,396,743664
86,401,1562288
86,401,263970
86,402,317115
86,402,454675
86,421,1323963
86,451,673902
86,462,1018243
86,462,283083
86,466,374074
86,467,1300351
86,475,799743
86,480,816747
86,512,345972
86,512,477137
86,513,729358
86,523,700640
86,526,544540
86,527,1146388
86,528,1435669
86,528,243125
86,528,5021
86,528,934846
86,537,1053740
86,539,1182203
86,577,200698
86,579,1488715
86,579,850297
86,582,1011648
86,589,1080525
86,589,278172
86,589,550107
86,589,690479
86,589,721520
86,589,768293
86,589,848167
86,594,105054
86,610,592730
86,616,1246766
86,62,1442446
86,63,672920
86,632,1034745
86,632,389589
86,632,710506
86,632,885797
86,632,935577
86,647,617879
86,690,310365
86,690,513642
86,690,689391
86,70,663410
86,70,731737
86,713,1173652
86,713,1224713
86,713,1235989
86,713,1272028
86,713,1300490
86,713,1378140
86,713,1514702
86,713,1559822
86,713,174004
86,713,270987
86,713,301759
86,713,582235
86,713,643849
86,713,829355
86,713,82941
86,713,999806
86,740,511241
86,740,991988
86,758,1337652
86,773,1320265
86,776,237896
86,78,1437126
86,78,603103
86,791,1502437
86,791,28391
86,794,166722
86,804,236749
86,804,647683
86,804,771133
86,815,1059535
86,821,1552345
86,827,1560606
86,828,1305490
86,844,668863
86,846,1279687
86,863,47932
86,886,1021972
86,886,577526
86,886,655322
86,903,1255376
86,903,1488761
86,903,455391
86,903,578081
86,903,698256
86,903,7307
86,903,918014
86,903,949202
86,903,953256
86,930,1067669
86,930,937095
86,932,52752
86,934,1059354
86,94,191751
86,94,322974
86,94,797884
86,94,965309
87,113,1373740
87,119,358786
87,16,1424401
87,209,736904
87,253,1277778
87,275,1273642
87,278,1293945
87,278,1305617
87,278,251209
87,278,449164
87,278,617238
87,278,782524
87,289,1330223
87,289,701045
87,289,77161
87,289,967426
87,299,1370764
87,299,59858
87,313,901341
87,343,1412215
87,343,1414153
87,343,1541782
87,343,378425
87,343,730543
87,349,310742
87,385,190006
87,396,1123187
87,41,1480916
87,433,1062983
87,462,192404
87,47,883062
87,471,1054996
87,471,1240906
87,471,1558516
87,471,421168
87,475,1282940
87,48,1172309
87,48,1241703
87,48,153887
87,48,355823
87,48,555069
87,48,63353
87,48,728911
87,48,889503
87,50,1131220
87,528,20194
87,528,550452
87,589,878620
87,643,1467212
87,643,370434
87,71,305720
87,713,1523533
87,72,376817
87,740,1039299
87,776,361939
87,776,761022
87,791,329154
87,791,758965
87,804,1120392
87,804,12006
87,804,75758
87,804,796123
87,804,917647
87,815,1357204
87,847,1288096
87,862,1247495
87,879,553272
87,886,281269
87,903,355214
87,93,900030
87,930,1470250
88,16,920259
88,175,514672
88,188,525039
88,198,309350
88,229,975393
88,275,599154
88,401,1186281
88,418,309118
88,471,56482
88,506,323958
88,528,1062985
88,528,197518
88,589,386768
88,600,1026343
88,640,919095
88,742,531758
88,776,649272
88,852,593353
88,896,182936
88,930,131207
89,113,1065392
89,16,1341261
89,17,901315
89,372,313244
89,633,719191
89,776,619645
89,776,846892
89,829,1223259
89,881,1225110
89,913,568058
9,113,1326224
9,113,1476666
9,132,869981
9,134,1212631
9,158,81576
9,16,1125442
9,16,926810
9,163,1380698
9,165,1449894
9,165,383649
9,165,588605
9,244,1360542
9,299,897169
9,314,770510
9,335,1548316
9,343,938821
9,391,1174476
9,391,1205223
9,391,1366708
9,391,670163
9,391,852924
9,391,934293
9,498,1273005
9,498,417224
9,498,592325
9,512,1521048
9,512,674917
9,513,818154
9,524,1189093
9,576,1024415
9,584,1152475
9,588,548011
9,589,209120
9,620,1415413
9,620,525604
9,627,485015
9,668,865708
9,683,935024
9,690,938089
9,713,285221
9,763,938965
9,804,1170517
9,804,1259851
9,804,1308994
9,815,69418
9,815,895763
9,847,942344
9,903,1096239
9,903,349524
9,903,594951
9,903,646512
9,903,969625
9,907,322646
9,93,1031293
9,93,1036922
9,93,110598
9,93,1559397
9,93,485885
9,93,532186
9,93,823041
9,93,974276
9,931,1453306
9,935,505742
9,935,823773
90,147,457639
90,396,1059617
90,46,1434431
90,46,471933
90,462,325267
90,528,1452656
90,641,613961
90,662,940059
90,733,630348
90,8,442579
90,833,274824
90,903,640022
91,155,228897
91,253,1064774
91,256,1298003
91,391,1101679
91,429,1180301
91,442,1008
91,446,1198330
91,713,690801
91,758,1169793
91,758,387086
91,775,572916
91,866,957626
91,907,1518727
91,907,472724
91,93,1144778
91,93,129695
91,93,219770
91,93,328916
91,93,388425
91,93,590980
91,93,675788
91,93,725458
91,93,86015
92,101,897688
92,113,1279015
92,113,256367
92,113,554016
92,113,665423
92,113,745152
92,113,779761
92,113,835479
92,113,90257
92,113,980454
92,116,387798
92,120,760097
92,125,591247
92,134,1532989
92,134,306397
92,134,60853
92,134,806542
92,134,959423
92,145,192849
92,158,488345
92,162,1543403
92,180,1125908
92,193,1007523
92,211,549338
92,22,1355407
92,22,941720
92,246,277643
92,251,1348485
92,264,622438
92,291,909877
92,299,41281
92,304,858334
92,324,773889
92,333,771469
92,349,519388
92,355,1524616
92,378,421657
92,383,1069337
92,389,1255823
92,391,115911
92,391,1383086
92,391,189785
92,405,144942
92,41,1033458
92,41,366634
92,438,1023308
92,457,702683
92,462,302693
92,462,440427
92,462,531691
92,500,261350
92,538,1259754
92,546,426242
92,561,145580
92,568,1307601
92,576,1228744
92,576,439946
92,593,717036
92,612,7588
92,661,1386677
92,670,986427
92,680,664632
92,696,1433286
92,713,1351612
92,713,672379
92,713,94025
92,716,368845
92,72,929705
92,740,102288
92,740,1512125
92,740,430032
92,75,584253
92,775,1075394
92,775,1554486
92,775,53463
92,775,715396
92,78,106460
92,78,1316780
92,78,237456
92,78,34262
92,808,721538
92,838,1180103
92,841,858753
92,847,848991
92,868,731126
92,896,1501127
92,896,1550024
92,896,55349
92,903,1449777
92,907,1125095
92,907,1151930
92,907,1472561
92,907,290850
92,907,529874
92,907,647659
92,907,781073
92,907,926332
92,913,907680
92,93,1103620
92,93,1229586
92,93,1477592
92,93,1489719
92,93,268035
92,93,3471
92,93,416381
92,93,463734
92,93,585536
92,93,799343
92,93,899077
92,930,192033
92,930,238567
92,930,550126
92,934,1420534
92,934,154186
92,934,247200
92,934,272965
92,94,140297
93,113,1359832
93,113,336773
93,113,473100
93,113,477888
93,113,570474
93,113,960672
93,134,580128
93,212,1467289
93,351,1300307
93,351,25621
93,38,160226
93,391,1234801
93,491,500471
93,491,764186
93,513,178334
93,59,1125660
93,59,95985
93,591,311459
93,606,339714
93,660,1305404
93,663,801889
93,701,681334
93,725,1210264
93,725,620578
93,775,1223342
93,805,1505162
93,907,1160035
93,907,1281197
93,907,1317820
93,907,762455
93,921,140423
93,921,171434
93,93,1276885
94,33,1480443
94,33,262364
94,33,636117
94,33,64204
94,33,830743
94,33,902514
94,340,1080044
94,340,137376
94,340,378638
94,340,443453
94,340,54977
94,340,987747
95,113,1495782
95,16,1343729
95,17,768638
95,372,914834
95,633,772013
95,776,441914
95,776,601807
95,829,244645
95,881,1513845
95,913,505060
96,112,1432150
96,12,1009165
96,12,1056467
96,12,293
96,12,85163
96,138,806402
96,142,109290
96,142,1246625
96,142,1255128
96,142,1256563
96,142,1535780
96,142,400691
96,142,513852
96,142,61605
96,16,542997
96,162,1166591
96,166,1400173
96,169,1056169
96,187,174580
96,187,219780
96,187,371628
96,187,485453
96,187,699189
96,188,106222
96,191,173392
96,224,540578
96,234,1552743
96,253,116921
96,253,1412525
96,253,153904
96,253,314366
96,253,368236
96,253,456513
96,253,752032
96,253,805942
96,253,863898
96,253,89998
96,253,973014
96,260,1019049
96,260,1381957
96,260,1404642
96,277,611999
96,292,1399063
96,299,1125637
96,299,42145
96,299,765225
96,299,881871
96,304,1244874
96,304,453122
96,338,1213190
96,356,489972
96,374,1140543
96,386,1437627
96,389,511285
96,396,909573
96,402,1217152
96,402,1552013
96,402,426897
96,41,245999
96,451,1284968
96,451,346890
96,451,698446
96,451,927378
96,453,206098
96,462,184603
96,462,625675
96,467,1512193
96,476,1025534
96,497,430760
96,503,1375080
96,509,1220389
96,513,94960
96,554,1520428
96,564,1006493
96,564,1048380
96,564,1052871
96,564,1064363
96,564,109479
96,564,1135142
96,564,1366262
96,564,1430147
96,564,1502792
96,564,1532252
96,564,327084
96,564,410499
96,564,47043
96,564,471880
96,564,525511
96,564,580918
96,564,582270
96,564,64573
96,564,659007
96,564,68446
96,564,731957
96,564,73504
96,564,74657
96,564,841031
96,564,85533
96,564,857576
96,569,1472318
96,569,523448
96,575,1116277
96,576,1045751
96,576,1065552
96,576,108322
96,576,1154935
96,576,1170929
96,576,1187213
96,576,118984
96,576,1218146
96,576,1271258
96,576,1271342
96,576,1271568
96,576,1328070
96,576,132870
96,576,14277
96,576,1484495
96,576,1516785
96,576,1527133
96,576,1550305
96,576,213559
96,576,277129
96,576,28733
96,576,324746
96,576,327672
96,576,343036
96,576,370268
96,576,414530
96,576,420070
96,576,421263
96,576,434446
96,576,488458
96,576,491988
96,576,541748
96,576,54944
96,576,55050
96,576,561637
96,576,627847
96,576,658008
96,576,699006
96,576,715174
96,576,717029
96,576,742355
96,576,756517
96,576,918914
96,576,939933
96,58,360680
96,580,1283813
96,619,702975
96,625,918439
96,630,83248
96,657,1038422
96,657,1484650
96,657,206063
96,657,334287
96,657,543228
96,657,598202
96,657,618311
96,657,647153
96,657,696141
96,657,904017
96,669,173896
96,676,520940
96,685,1264952
96,685,1350465
96,694,1487479
96,699,2516
96,70,599280
96,713,1497705
96,713,494317
96,726,1420043
96,740,1202611
96,740,1457943
96,740,240630
96,740,540741
96,740,716814
96,740,784166
96,740,858029
96,744,899283
96,747,862577
96,748,1012039
96,748,1114953
96,748,1184965
96,748,1290030
96,748,1358198
96,748,1423852
96,748,153186
96,748,298191
96,748,313749
96,748,335319
96,748,376621
96,748,437961
96,748,66484
96,748,704361
96,748,798383
96,748,870864
96,748,888934
96,748,996268
96,750,482192
96,754,784683
96,762,532238
96,767,715130
96,769,1084889
96,769,1191006
96,769,1311650
96,769,1509420
96,769,1529062
96,769,293558
96,769,346582
96,769,491221
96,769,867766
96,770,409018
96,771,1490193
96,771,554030
96,771,780741
96,786,1301958
96,794,648952
96,8,145831
96,8,1520381
96,81,1468591
96,820,1095642
96,835,195691
96,835,827198
96,847,727104
96,860,1369359
96,867,1436246
96,886,275544
96,896,714507
96,903,1364794
96,903,347819
96,903,407077
96,903,655940
96,903,754929
96,903,967124
96,908,310730
96,912,984713
96,913,193760
96,930,58917
96,931,631626
96,934,1351027
97,16,982537
97,299,617803
97,310,517185
97,396,240763
97,396,245024
97,396,958953
97,479,1429738
97,507,324353
97,649,323915
97,649,467483
97,752,1513305
97,769,589219
97,832,96224
